0.98859987228
0.0
0.536132061924
0.599185666987
0.695028265304
0.149565031199
0.0
0.532318594926
0.706648133432
0.0
0.701246560433
0.574115448842
0.555024277357
0.354610193162
0.460692266064
0.49661895732
0.75100162271
0.499931281559
0.396518361268
0.0
0.0
0.0
0.0
0.0
0.284621546898
0.0
0.390404350918
0.0
0.589541924958
0.0
0.0707550370338
0.0
0.0
0.0
0.0
0.0
0.0
0.0
0.0
0.0
0.0
0.547455980456
0.603654708943
0.678707573595
0.180106243734
0.0
0.58203917986
0.733439278439
0.0
0.719326760108
0.566630559154
0.578607912378
0.384092584212
0.555511166324
0.415602862402
0.0
0.0
0.0
0.37858667753
0.0
0.576515936742
0.0
0.060684178484
0.0
0.0
0.0
0.0
0.0
0.0
0.0
0.0
0.0
0.0124751972791
