0.987962590802
0.0
0.520684240951
0.593583725215
0.618369328065
0.117533950831
0.0
0.528789313004
0.705228270703
0.0
0.682319151274
0.54135630163
0.605536286639
0.483236559323
0.406031819791
0.482670473997
0.747500578196
0.482165100045
0.445107393282
0.0
0.0
0.0
0.0
0.0
0.260127327895
0.0
0.3421853849
0.0
0.573725787496
0.0
0.0327091098502
0.0
0.0
0.0
0.0
0.0
0.0
0.0
0.0
0.0
0.0
0.530161161523
0.597357453071
0.609627929198
0.123252164792
0.0
0.528285759907
0.716896451573
0.0
0.6957646405
0.54143739335
0.629916786974
0.51290624927
0.50241216489
0.418675312901
0.0
0.0
0.0
0.315715086921
0.0
0.575999138481
0.0
0.0395270709831
0.0
0.0
0.0
0.0
0.0
0.0
0.0
0.0
0.0
0.00782952069717
