0.552242062392
0.483283054551
0.532510737247
0.569997919508
0.526298709966
0.501415231874
0.533315651492
0.557171340528
0.53388083979
0.537443077818
0.557495116089
0.538039564426
0.571823824758
0.53131158733
0.540039157353
0.573030271113
0.571337047544
0.553843017955
0.516646816127
0.488778785209
0.535354152381
0.505303056409
0.474001224709
0.481469611643
0.521747762962
0.48958410211
0.509700843184
0.496651632366
0.502433355536
0.534064686775
0.512894751191
0.51399657077
0.549167016315
0.537270665951
0.470804860155
0.506668297302
0.458391500015
0.483041551337
0.451129881595
0.453018649326
0.449517769763
0.441792021005
0.423116306562
0.464323518687
0.426166083088
0.465066537344
0.480895457698
0.469657282503
0.474604636994
0.476401502341
0.467999153134
0.52543715267
0.483609073924
0.452751763716
0.508021188144
0.462446452538
0.496161798734
0.481099762839
0.486417262453
0.484179248907
0.521651987945
0.510874484389
0.524423748997
0.569117864135
0.522569625721
0.524219021721
0.533226878884
0.52686932036
0.561924597761
0.532040927894
0.492321423986
0.519669966867
0.564125627488
0.544489188713
0.558678657612
0.529555824985
0.500805553462
0.567732389492
0.52687461036
0.511694017977
0.547702002683
0.515290802706
0.514961549051
0.568120014745
0.548904975978
0.533195526315
0.510211685329
0.46215614254
0.481699629411
0.56907312168
0.486325363526
0.537917385595
0.540997651889
0.508563002293
0.513456112568
0.505000330925
0.47840290432
0.514150439421
0.499503800673
0.494510907003
0.542424618404
0.529077504051
0.499036073976
0.475139541936
0.457853633639
0.505676501751
0.541149705925
0.483381969015
0.552352277428
0.507650550991
0.481760945567
0.556952991373
0.504008005463
0.467061158579
0.509408044383
0.48156546569
0.473753899116
0.509945777961
0.500381933927
0.552629684249
0.499742082807
0.476568677331
0.505410488237
0.58487645605
0.55383062464
0.570183753103
0.555509563242
0.556392084817
0.559128233496
0.54593623173
0.500401126362
0.545145205236
0.510758068253
0.522047347542
0.561651847957
0.544312246207
0.563646366896
0.530499067573
0.457743968817
0.506512105209
0.541710220798
0.542666655563
0.518856894828
0.545838807796
0.5413297922
0.561016384203
0.531750715917
0.496859313312
0.543428186153
0.525486406827
0.518082041135
0.568828579179
0.568580433511
0.55034407503
0.50690790394
0.443143890519
0.508310921924
0.519553188492
0.519722297101
0.501420947529
0.556205857306
0.54537994808
0.534859162697
0.549593625313
0.491158219084
0.547174651534
0.488054117195
0.518663779203
0.546884774156
0.524000972705
0.531448205413
0.511399373891
0.469123114935
0.529883196823
0.56500006343
0.511632269578
0.560679131681
0.543309616793
0.554865538888
0.515991502997
0.548726080734
0.499549307712
0.547639871142
0.514048149968
0.501821651164
0.539141652762
0.52568327375
0.566835099651
0.506128207455
0.435009084259
0.525701272284
0.538606930796
0.503135300584
0.508282835462
0.538657050007
0.528237083632
0.542964855457
0.55327814179
0.533629124064
0.57074383754
0.524945237083
0.54206032034
0.547887981911
0.542411491906
0.536373777919
0.502122996598
0.472761187412
0.530739905868
0.51254231224
0.471334055492
0.467467669045
0.484647200969
0.479433769945
0.470313540882
0.503338241176
0.517835459668
0.565117140711
0.555601646032
0.568996560576
0.543312356084
0.549553392819
0.58325038081
0.541547814129
0.49222766551
0.587966474348
0.561191774153
0.515643925795
0.520749611455
0.53704664947
0.540030525129
0.544830779752
0.557768590504
0.572690376814
0.577965349607
0.580541646643
0.589390505744
0.598787985685
0.591001873014
0.526958453141
0.508255755215
0.472653862225
0.53138580701
0.515674357242
0.488344804153
0.482842048072
0.499743501349
0.517647866698
0.474118848929
0.51659916852
0.514921058899
0.552231072708
0.565637617882
0.627602474118
0.569747069924
0.591576437486
0.539120216923
0.515259661977
0.478499189146
0.531517921518
0.52378976146
0.489117508337
0.474274990638
0.507109747298
0.509159249555
0.49873168648
0.506246779675
0.52967528639
0.566586666576
0.576628206076
0.63186824279
0.588396305582
0.608843713231
0.570875941669
0.548391116554
0.480840108296
0.539014204054
0.569851301151
0.538035124193
0.509547628504
0.542869247274
0.556872698417
0.52627811901
0.536443905556
0.541630421239
0.540925053345
0.584343771755
0.573932935883
0.593380637608
0.627012122574
0.576008540017
0.542679809883
0.472865260062
0.539862861126
0.556260419954
0.528389030392
0.510150039935
0.534095620278
0.565236574542
0.514826341519
0.536222997207
0.545983760547
0.559201262286
0.5862778773
0.598940045196
0.615133361233
0.628034533551
