0.555925924952
0.470283147472
0.532783686514
0.561851259916
0.533252687878
0.55740753963
0.543517549303
0.553252908363
0.48440810763
0.532494152219
0.482066057169
0.50266171505
0.568325949235
0.473986769545
0.492953891574
0.529936991665
0.524323355163
0.562413674441
0.537512196489
0.510964421578
0.579200680572
0.559418200594
0.514597231468
0.512096785785
0.530011571702
0.47570194481
0.548679398944
0.42797770996
0.470227719692
0.583121724647
0.529170087008
0.540234165973
0.56761034341
0.542758908375
0.482601111789
0.539341788639
0.474424514988
0.508966121881
0.508513764693
0.459669572756
0.462118197782
0.455482278592
0.413721402625
0.498532560813
0.38854359798
0.506485547167
0.534061066447
0.556854156729
0.53660968165
0.557687795552
0.514258461839
0.539755704055
0.507905724215
0.464052689929
0.496954552078
0.483702671094
0.50959020305
0.467873045126
0.472875787359
0.410509769208
0.502881408356
0.439404922489
0.520109021307
0.553501249348
0.471937951337
0.482540857842
0.506757298715
0.490651325495
0.56982094774
0.579554008078
0.511632952611
0.502193587015
0.576773495491
0.538710284455
0.547629802656
0.531430070997
0.494710227226
0.524493298069
0.460111408137
0.48464268941
0.550689305046
0.499939151587
0.514572529652
0.537792371592
0.547962313667
0.535889196473
0.553276672945
0.501317345551
0.475912642392
0.569983480067
0.517004100522
0.558800975355
0.532215382885
0.505239403375
0.512155555928
0.432917621227
0.45748724509
0.545420324293
0.518495725601
0.533392431766
0.553325508226
0.553560617039
0.571037673015
0.520585061465
0.466847691204
0.525412518526
0.542600368737
0.528557760684
0.583776236591
0.57238311063
0.509000330032
0.5570521752
0.530275868778
0.48474713759
0.538392169901
0.466161614343
0.496603629222
0.489213241315
0.523774288194
0.565149327436
0.519091479001
0.466600051131
0.485763097026
0.551433719209
0.576353345692
0.589883036017
0.584642646899
0.578305127902
0.528381552589
0.522101184445
0.470918559401
0.540427020918
0.470633218103
0.522629445156
0.512710346753
0.550370801753
0.563628966135
0.533560881987
0.456437088817
0.481956403552
0.534454869128
0.539011043467
0.572092604687
0.57488672158
0.548700568786
0.548111813541
0.506825413628
0.455752078669
0.533461605525
0.471056660474
0.496221003694
0.506829515429
0.52105293334
0.502093931618
0.480165754851
0.425673091108
0.422389411051
0.50218868518
0.519915075363
0.513694841705
0.572761541801
0.552992897837
0.487741729178
0.532519028286
0.419263354802
0.491462589194
0.429363277534
0.467863551
0.472875989509
0.497839356701
0.545541638582
0.549942330314
0.494615337904
0.509210927171
0.525040857666
0.525712691714
0.558193011506
0.520997175797
0.550607178238
0.479120834331
0.466740079749
0.480847709855
0.573008936314
0.500564571038
0.512001582613
0.508755925942
0.501370798965
0.494126333941
0.434563991403
0.39271114631
0.447289748056
0.46706080427
0.446234834712
0.526842907328
0.515053741458
0.509450299552
0.528687575757
0.471563302546
0.443538598013
0.463113298907
0.383930449033
0.415631329499
0.431250737128
0.444086403755
0.508016621077
0.470305628219
0.502100397927
0.522976878071
0.483592771975
0.465382416684
0.477431958215
0.458470736073
0.452772177141
0.408132449408
0.481027670008
0.433910612519
0.533909535078
0.487044175896
0.474719298858
0.494394994064
0.459178971624
0.57823555971
0.584886888822
0.533779790895
0.55827586671
0.55082253097
0.554723941735
0.536456905942
0.534563928486
0.531294635909
0.482250721006
0.571073416735
0.457480031299
0.537837986302
0.534209058865
0.541985256727
0.579111549545
0.548904712308
0.487899268635
0.530117922962
0.555523877108
0.485206581469
0.502472476061
0.532253659182
0.464648705845
0.466244920425
0.472679810252
0.419479008002
0.500065103841
0.381205264356
0.488872489281
0.534846867767
0.608940217769
0.596127224782
0.570016349556
0.513669245072
0.540876238228
0.534623530816
0.492661534294
0.523244747099
0.543497394617
0.496280339788
0.514381356888
0.502391187171
0.4564664441
0.510379350007
0.412956515394
0.482827916662
0.540564238249
0.605464585947
0.604916166801
0.616542347592
0.535245752747
0.5609131352
0.548382016419
0.508974659159
0.527767858472
0.552769037769
0.476253193675
0.492823278457
0.499241725378
0.453019919638
0.504585594179
0.415158131538
0.48787269075
0.56964404113
0.589061972638
0.601631254491
0.598809553474
0.53415325373
0.540900587114
0.511605954512
0.497729857226
0.545459133601
0.558116326545
0.515463348929
0.534771476668
0.517884954063
0.488070583781
0.498524927359
0.439653378251
0.463395522349
0.542311577005
0.558965900498
0.61098910355
0.598651013317
