0.555722372763
0.449723740376
0.492785844643
0.565002737661
0.549682986153
0.564368180423
0.548647315494
0.560168522742
0.535974173894
0.516634749557
0.567114905702
0.502244822525
0.552776283329
0.499977137039
0.533091319782
0.565613387548
0.561038870012
0.559676264096
0.527920734619
0.464584698607
0.553082649612
0.559168874717
0.527352700681
0.534506662719
0.564027841774
0.537163284448
0.527153498225
0.543954414602
0.456093896687
0.569745623063
0.505367899759
0.540912425072
0.555601644116
0.545733524838
0.44696063695
0.522039913592
0.431041934252
0.456639932817
0.470466996379
0.461933045441
0.465937233952
0.468859987327
0.455999830605
0.47840891332
0.453629531926
0.448814550428
0.517465283818
0.486792308976
0.492853229325
0.475354837543
0.451490165075
0.481155759162
0.452502381926
0.425073892894
0.463314647289
0.442988716136
0.475675280205
0.428070661691
0.43455756467
0.426007005682
0.453743614709
0.469004945815
0.46963309441
0.501667767253
0.486866367975
0.47702404288
0.504644061025
0.473882552085
0.56795666556
0.554937015695
0.46210455572
0.47225314735
0.585870985305
0.558198448482
0.543802950827
0.532320859475
0.515032934665
0.521617358657
0.532576515012
0.49126030209
0.55327576666
0.495212238746
0.531769241011
0.556572608402
0.571055201301
0.555205667743
0.562065927231
0.47620686593
0.454432397236
0.586327873371
0.555916415706
0.568730898409
0.561408383894
0.543021182891
0.52268012762
0.539436411426
0.463346141941
0.54632976714
0.51937522756
0.546334944881
0.555413813391
0.561899578803
0.568060957015
0.532784614964
0.469138556807
0.489035272019
0.556066598039
0.554505903823
0.556606978089
0.554435496463
0.519768998269
0.569028096337
0.535327569916
0.491077449862
0.555903777156
0.525300842082
0.553485524702
0.537656415051
0.542462351418
0.562432285072
0.543832116252
0.473559485584
0.440660355416
0.553233579839
0.57579651734
0.561140360471
0.573160016378
0.589528401967
0.549108298705
0.569657917011
0.480001936793
0.556295793451
0.469324969343
0.541352363131
0.530694665622
0.553745069848
0.565486763779
0.565830789591
0.474080876197
0.44707516089
0.534006509732
0.558798052689
0.554834372752
0.566797500848
0.55855662227
0.560405171189
0.561430425758
0.463350683294
0.553624237075
0.504476667009
0.53062855341
0.539941902002
0.547551122593
0.546064259539
0.546604555431
0.462044933064
0.433222919601
0.52096778251
0.546908833592
0.524085564636
0.586570825651
0.565081955941
0.52851644274
0.571727591294
0.452764738567
0.560491710136
0.441172601038
0.506105747963
0.525365038249
0.523462471737
0.523096935244
0.528152403449
0.483242127206
0.468129710104
0.523219210327
0.521219377197
0.566164647518
0.540293870084
0.555079864458
0.516828039206
0.542248574928
0.477817922763
0.561870092285
0.513356898503
0.529008646378
0.513848139556
0.525965855362
0.577158522709
0.550441391539
0.459914003857
0.481807155715
0.533447556629
0.539850610649
0.538266826185
0.564095488414
0.566024191661
0.567567890045
0.550413514472
0.475325486836
0.554758283268
0.480932286718
0.524935462109
0.550117754241
0.538727649176
0.503106174211
0.456844585532
0.450315143801
0.480117616569
0.487344965585
0.465849995294
0.48893603011
0.475640135301
0.46211928888
0.453675654369
0.477834400119
0.473626241708
0.521988730902
0.479142616121
0.506647549562
0.485972268143
0.480824840547
0.558675133934
0.572176741146
0.525099527501
0.512599880351
0.555024447529
0.548508639046
0.55623494899
0.551104852557
0.553805255471
0.557025819595
0.560107658845
0.550867902749
0.523504426394
0.518255320299
0.5731339272
0.568959380714
0.558353194972
0.494386421943
0.495042773856
0.481817520809
0.49100434114
0.488651712136
0.515092254336
0.514567753159
0.468623881857
0.495759539144
0.438117145672
0.50415968138
0.472363449595
0.472898826789
0.510532526913
0.5646548513
0.536848653474
0.519350555887
0.530152593982
0.53787622623
0.492335607237
0.485999588726
0.52840117379
0.53706313178
0.549055872475
0.531173384918
0.52343639329
0.498737186463
0.524991986804
0.519786237164
0.504930715771
0.569272129278
0.57180896262
0.58715510773
0.565592417656
0.565724428861
0.554685202174
0.479648513459
0.517244681216
0.556471621466
0.551015224292
0.538255277828
0.519230094356
0.537203808433
0.512686102447
0.512546879643
0.543921283529
0.485575073999
0.567331903388
0.543411636108
0.586965271421
0.597569672853
0.563789206944
0.550119567858
0.461778684478
0.489388801029
0.57521350756
0.561331798871
0.544225304696
0.544029466103
0.548145596519
0.516852018173
0.525482640107
0.538941551622
0.487727358591
0.555629646825
0.527593444124
0.569093028309
0.600805588419
