0.4958875216
0.3770277661
0.4180598233
0.489900667
0.4331392884
0.4675635128
0.4477622675
0.448621977
0.4216962151
0.4290710707
0.4650257088
0.4082401695
0.4534148943
0.3679866562
0.3655924772
0.4274833372
0.4198171144
0.5051051429
0.4183292626
0.4282854319
0.4823430116
0.4664838938
0.4838909889
0.4746714302
0.4744778421
0.4588606889
0.4627180636
0.4667122149
0.4021132775
0.4791574885
0.4022642985
0.3968252782
0.4469218271
0.4463461407
0.3731037177
0.4099441841
0.4745055165
0.3640704108
0.406424369
0.4322748752
0.3917818596
0.3914899665
0.379039652
0.4404387057
0.3403558211
0.4478804887
0.4482210226
0.4787064247
0.4309324774
0.4754598566
0.4200075445
0.4069253512
0.4112340152
0.4580538231
0.3739401285
0.420288397
0.4627185644
0.3817967295
0.3908875991
0.3917283083
0.4533677237
0.3763881395
0.4669991836
0.4679189578
0.4704362487
0.4579904345
0.4693264607
0.4557558925
0.4882335471
0.481829881
0.3816238651
0.3885537135
0.4656842001
0.4440125824
0.4520843911
0.4256557548
0.4108322059
0.4082810065
0.4619587195
0.3835160139
0.4252907527
0.3765647036
0.354952266
0.3929739533
0.4220195709
0.4418593484
0.486086558
0.4162180134
0.4188785892
0.4815371494
0.5504039034
0.5392988172
0.5259334789
0.5077245625
0.4794818962
0.4577587997
0.388821704
0.461502061
0.4228902264
0.4233583062
0.4809112346
0.4635783678
0.4727153403
0.491813587
0.44498252
0.4745984134
0.4508225919
0.5409418071
0.5604028091
0.529106164
0.5095065656
0.5077834432
0.473242988
0.4045509031
0.4683622844
0.4571120355
0.4577367096
0.4825791487
0.4970766337
0.4688318441
0.4900677363
0.4030092408
0.4189849364
0.4675344443
0.5362924915
0.5623724655
0.5366019634
0.5368843564
0.4938168738
0.4939987681
0.4075545019
0.4838917711
0.407164614
0.4352969661
0.4845357102
0.4756599981
0.4486803407
0.4669173268
0.3946260786
0.4244740757
0.4265074044
0.5125828822
0.5102093531
0.5103740632
0.5286683323
0.5101621196
0.4655466816
0.3781039891
0.4576870172
0.393675381
0.4088343157
0.4434293368
0.4420124454
0.4343397919
0.4701119423
0.3850468492
0.386903099
0.4310991604
0.5013456063
0.5165985327
0.54084081
0.5343546609
0.4790026066
0.4955610568
0.3708629745
0.4630039202
0.3749906599
0.3926460922
0.4581134734
0.4440220807
0.4182544734
0.4603882134
0.4403393462
0.4432858487
0.3979922619
0.4770060822
0.5121070816
0.4879565354
0.5245289298
0.4660310594
0.443989931
0.4304737048
0.5002172042
0.4479909964
0.4517404344
0.4524399145
0.4268336335
0.4780871866
0.4737074915
0.3519318076
0.3756619105
0.4792683224
0.4592468933
0.4733407524
0.4867350856
0.4708835321
0.4885537181
0.4572797453
0.3798201909
0.4336882944
0.3451516222
0.373569217
0.4027912865
0.4259666484
0.4105573575
0.4015467687
0.4605575705
0.4678610095
0.3811958148
0.3848334766
0.4092420905
0.3979366468
0.3899834475
0.3736655411
0.442112565
0.3792634328
0.4845070525
0.4391074708
0.410267902
0.4476830746
0.3951263477
0.4548165413
0.4815853049
0.4583782984
0.4740912875
0.4247851966
0.4637536786
0.4740519083
0.4825347379
0.4672052398
0.4582623142
0.5059657622
0.4287603244
0.4806588018
0.4448759941
0.4423705458
0.5060338642
0.4601223975
0.3667942181
0.3829259906
0.4776682531
0.4806402088
0.3592726355
0.3974133571
0.4494338366
0.3814282802
0.3907563477
0.3477909805
0.4420496528
0.3242916042
0.4172947667
0.4321976952
0.5445984625
0.5111960062
0.4781218285
0.3711011441
0.3871090962
0.4404019333
0.467609097
0.3548836051
0.4106861781
0.4682840302
0.4178804749
0.3915992088
0.3672320943
0.4299959525
0.3548835784
0.4018829239
0.4304077647
0.5449757596
0.5421797491
0.4965546005
0.4380628314
0.4530261185
0.4672523473
0.4759188496
0.4067748197
0.4608696056
0.4732811764
0.4646418343
0.4575804379
0.4372736896
0.4724052549
0.3992971789
0.4568080996
0.5036636392
0.5012159479
0.4949210717
0.5139160548
0.4316857415
0.4453763549
0.4283311815
0.4649146454
0.4278253943
0.4571237871
0.5007561653
0.4707154628
0.4394432938
0.4415097154
0.4476895509
0.4204387196
0.3975364653
0.4495378633
0.4742610601
0.5002569303
0.5198417135

