0.616072378718
0.549132053226
0.574611507795
0.613402194562
0.568390258626
0.605168419338
0.571901540103
0.590967717774
0.559756394162
0.568478943281
0.59954309623
0.565633912508
0.578848435622
0.536756137935
0.578596551281
0.604847451139
0.591305676362
0.625868878778
0.587647775081
0.586415358671
0.619849651012
0.58250014929
0.609187159231
0.57929098759
0.591011428512
0.565266124381
0.587294668812
0.591879799036
0.56717763113
0.609779517103
0.573585753329
0.612126398903
0.608498253956
0.610490070574
0.55772328817
0.581738056889
0.569446039626
0.562403494027
0.52923313724
0.571585270432
0.542711556312
0.527910944983
0.517513047062
0.552898783266
0.5184706227
0.592177612166
0.595552746293
0.590394403805
0.606495006193
0.570109939548
0.574240975666
0.576848155785
0.581334462354
0.566544385187
0.564023694658
0.529633994786
0.565113600682
0.529027782149
0.535765711029
0.513262823969
0.562387999916
0.53811898592
0.565619457585
0.599227743886
0.567839861044
0.578721540775
0.591565389803
0.589796022793
0.618869061285
0.616536786625
0.559941825157
0.5710367529
0.61537250502
0.600137298914
0.582175600115
0.576330807291
0.565548306804
0.572927008897
0.582519450427
0.565656474005
0.586791552541
0.546722168814
0.583424168579
0.599702256423
0.598228640699
0.57538317117
0.579577394262
0.532503512683
0.536874834012
0.617198951658
0.611560094235
0.6117902128
0.606414268088
0.600213294362
0.568126002323
0.589727240526
0.540495598116
0.562026311872
0.534206286899
0.563944018379
0.570094190228
0.597713025991
0.613658597519
0.610378850599
0.570573556355
0.572578289665
0.597280185992
0.613381582668
0.625083171584
0.630805474579
0.59529757324
0.616691189294
0.602698332881
0.56742857428
0.590262942046
0.559092515329
0.596448556802
0.588445332928
0.603382638878
0.58446682096
0.581429445748
0.545409210997
0.539574482661
0.588996425296
0.615060198387
0.628018414653
0.611776199486
0.629660909142
0.576805409328
0.601026740352
0.557179899629
0.589742981443
0.528331144175
0.582078046197
0.578920594336
0.604426063354
0.589064750011
0.581860380834
0.523298706178
0.543044519941
0.575272718921
0.600823339765
0.623562411772
0.603336097829
0.604201971662
0.600262937019
0.603616214009
0.530937037538
0.568511564653
0.544330039476
0.572643363091
0.579014221026
0.592981180827
0.565917052095
0.564860615089
0.519583700404
0.517021529064
0.566573978631
0.600440567093
0.598734172511
0.628596097352
0.610927162194
0.581154736576
0.614434711236
0.525260630814
0.564708265178
0.497429251298
0.55313882193
0.562852025108
0.566690684399
0.566217875275
0.576565119019
0.541225641251
0.559103970916
0.563355288741
0.557924456972
0.605284744307
0.562064531671
0.59978013141
0.565300280352
0.595045384382
0.539533082792
0.585681242161
0.557235568329
0.578598298855
0.576949796638
0.585296756388
0.600228051023
0.584483112421
0.512384824792
0.539954842397
0.576378894515
0.587604578094
0.596539333817
0.594230239683
0.603694647618
0.609657376414
0.60155283806
0.531490472335
0.556373649595
0.51167489379
0.554063658197
0.573445984358
0.563542138712
0.569271056616
0.559920478815
0.588067569244
0.573105171433
0.565640718471
0.53354155373
0.563421142464
0.546688677959
0.530156716657
0.518831506209
0.547780157693
0.529019073844
0.589711666221
0.571636767161
0.579000059132
0.567851336402
0.562240031009
0.589564877859
0.613406287039
0.596179524079
0.605692319795
0.59322093076
0.563736948242
0.593139582333
0.592974566168
0.572188692152
0.566370012106
0.594870179852
0.564026319054
0.596381986058
0.580731573661
0.620976520215
0.626617090849
0.61850416216
0.539113273896
0.565408526761
0.587955972424
0.565568080921
0.548212609663
0.528816583854
0.552650800377
0.525277379003
0.544400949056
0.488575650198
0.561053170117
0.506269265791
0.571849193755
0.571861864562
0.640630729201
0.585715149878
0.59183602181
0.588744361271
0.609501872146
0.601400422068
0.584613326302
0.587705221519
0.559972019103
0.596346817807
0.578922479335
0.575938919982
0.550604341465
0.587938658204
0.556361877315
0.580611015648
0.617220042592
0.644841130429
0.64722613538
0.642704933035
0.606724655637
0.60321561983
0.562771778911
0.589349461423
0.592152904604
0.565871042958
0.581436575462
0.56999135361
0.580242172978
0.55263229689
0.579020876326
0.570935886911
0.56599920844
0.617380875943
0.587614138361
0.637784555434
0.651561935884
0.599765958305
0.60824334593
0.565243912542
0.593282733868
0.598202213454
0.590446679961
0.603723833917
0.594875214024
0.595838253777
0.563331486214
0.589594434125
0.565839416063
0.567972751414
0.610386898146
0.591477589532
0.640992015111
0.652224897622
