0.988585903034
0.0
0.530402470406
0.592640811713
0.709383897919
0.125276421488
0.0
0.522989877397
0.698310113049
0.0
0.699105777759
0.579291142048
0.522990642101
0.339885944048
0.456907406668
0.558946196235
0.763598178624
0.468307134544
0.374403098071
0.0
0.0
0.0
0.0
0.0
0.297196990971
0.0
0.391273498796
0.0
0.585631994035
0.0
0.0575265425824
0.0
0.0
0.0
0.0
0.0
0.0
0.0
0.0
0.0
0.0
0.544283405185
0.59744821275
0.699655794547
0.150953952264
0.0
0.519468189074
0.701482796834
0.0
0.711202813169
0.571846598794
0.569490821117
0.3875854326
0.536450469987
0.400447334425
0.0
0.0
0.0
0.398948477843
0.0
0.582635362434
0.0
0.043526046253
0.0
0.0
0.0
0.0
0.0
0.0
0.0
0.0
0.0
0.0162667723366
