0.987291567379
0.0
0.5955576614
0.639908548268
0.654659153354
0.163540221949
0.0
0.552185699893
0.715959066438
0.0
0.642664581337
0.534794088918
0.53708457676
0.401422119544
0.427125413146
0.511045928065
0.752006165255
0.541262033829
0.416749910894
0.0
0.0
0.0
0.0
0.0
0.28956653401
0.0
0.328953396658
0.0
0.577159307603
0.0
0.0698795842124
0.0
0.0
0.0
0.0
0.0
0.0
0.0
0.0
0.0
0.0
0.596001131575
0.640363307725
0.632069836342
0.125339007158
0.0
0.523950318497
0.683318225036
0.0
0.638714081751
0.497389655618
0.458353434931
0.372060033631
0.522001528363
0.354596496166
0.0
0.0
0.0
0.281589665321
0.0
0.570134003141
0.0
0.0329357207329
0.0
0.0
0.0
0.0
0.0
0.0
0.0
0.0
0.0
0.00906739518331
