0.986208421122
0.0
0.613196890126
0.638164430757
0.676559648985
0.192341665099
0.0
0.617416537681
0.75184694253
0.0
0.716966843661
0.584197370401
0.649713763519
0.487495760236
0.470788450486
0.570104316049
0.779609911933
0.569784827171
0.501952936607
0.0
0.0
0.0
0.0
0.0
0.292006852929
0.0
0.416280309972
0.0
0.618048040201
0.0
0.113042258275
0.0
0.0
0.0
0.0
0.0
0.0
0.0
0.0
0.0
0.0
0.626546098319
0.643002931643
0.653039442925
0.197092584812
0.0
0.644261957433
0.760619463225
0.0
0.714630859866
0.559200857073
0.65216472451
0.551372827519
0.587601248069
0.48227631433
0.0
0.0
0.0
0.403928106157
0.0
0.615032039911
0.0
0.107333288373
0.0
0.0
0.0
0.0
0.0
0.0
0.0
0.0
0.0
0.0161315616894
