0.657602201314
0.562395020893
0.614109266739
0.64713422762
0.599633025716
0.637558701459
0.623565569021
0.615733997499
0.580400608769
0.613106364394
0.594148746495
0.562181952949
0.641400618526
0.545141532877
0.549495902028
0.598088010622
0.571236369328
0.65712198105
0.588740746503
0.61866142925
0.631398259223
0.623005001544
0.625515949225
0.617009589146
0.597845981688
0.576517329623
0.627010665895
0.580592801451
0.564904754673
0.64669441163
0.586846428114
0.588433371346
0.615558238394
0.581322622231
0.568818956703
0.594320164868
0.611750692233
0.538450799816
0.564435965745
0.558860013194
0.543262306473
0.530709665902
0.49356080922
0.598794046847
0.473269948255
0.641463184457
0.624997076322
0.603715399942
0.56067772608
0.613889778022
0.534060738201
0.62783054934
0.623676196457
0.61608947224
0.587210754366
0.599227658001
0.613681076449
0.599072363286
0.590663202729
0.565306929954
0.597999944088
0.5681452041
0.601402110821
0.651223606537
0.601323833115
0.582674283912
0.619537789905
0.581745446608
0.648373687894
0.627857154715
0.5331627164
0.576575817049
0.654386805609
0.641730429568
0.629680471205
0.603011993989
0.586938666909
0.589383159262
0.609710883966
0.532943525498
0.600406280897
0.525970091511
0.539353624664
0.570667369998
0.573213517177
0.619873174587
0.631779588196
0.563001810779
0.592548008376
0.662056040525
0.664337989043
0.652185727191
0.627341782565
0.617925629665
0.625902312731
0.593502814802
0.527907731028
0.608902747775
0.558401401364
0.556014393275
0.588955181537
0.576479255389
0.654176089734
0.637850337549
0.562602194568
0.616230730211
0.650762630725
0.661805695532
0.690667365595
0.670291799971
0.647349583036
0.65299640417
0.658136598214
0.536869043179
0.623478203107
0.552674290152
0.586616980825
0.59154919374
0.601213024342
0.63751477034
0.616242247237
0.548973207658
0.60724419658
0.646308126919
0.662835992211
0.699748122493
0.653211324953
0.675580621559
0.623084076804
0.664508888807
0.550020007054
0.638879548657
0.534158361069
0.585109039568
0.594508558619
0.6110542209
0.62411822226
0.605131467251
0.525049657968
0.593866989276
0.615475229652
0.632180195503
0.67582004394
0.64970277259
0.646610190244
0.647593923127
0.620322696778
0.522571514684
0.624022057598
0.54564275188
0.548441890707
0.578022677422
0.565636803006
0.588247293708
0.583789346613
0.497878459334
0.565538827783
0.592972601232
0.62041726577
0.638776020648
0.664403898439
0.640256674966
0.606846120946
0.645034443614
0.499120416063
0.599027337316
0.480639080827
0.51806009987
0.550038507752
0.540381100999
0.626483909607
0.636755359432
0.589905913365
0.596224814821
0.595229661053
0.633890406401
0.664070398158
0.618680709404
0.657047172288
0.613559653476
0.572931055234
0.56440953107
0.642519264802
0.581506080106
0.545088470718
0.590455621605
0.547387460151
0.601651314981
0.586360615699
0.476769962373
0.569642250537
0.612677918977
0.592641650666
0.649780732105
0.648929501925
0.61355947896
0.637618672088
0.570056543363
0.481463393055
0.583144039639
0.456853680491
0.546298864393
0.534727821385
0.575374588814
0.568357366531
0.566615542129
0.638981417319
0.596751373238
0.538965777891
0.536899553845
0.529117528749
0.538010143892
0.51867691193
0.494274614239
0.574610614409
0.485827643035
0.611574040569
0.589532614281
0.535980198523
0.599557494046
0.514567888749
0.650332249999
0.649085715052
0.624369997894
0.653785606498
0.615744751425
0.619862167583
0.62940469597
0.639732896085
0.62257175487
0.611977456461
0.648737492155
0.594417989567
0.610979615719
0.591745191695
0.580654990284
0.634350729828
0.578197312103
0.552308629774
0.59415755866
0.605024363816
0.603772271724
0.541244410842
0.557099521209
0.55885760056
0.52849280614
0.544779992385
0.477419276408
0.582380037667
0.466153177678
0.594328228925
0.586475704178
0.631812014979
0.660895849727
0.565758603648
0.565931378842
0.585677321192
0.562426337956
0.579882038639
0.556210681127
0.555207868762
0.587238775587
0.58265527132
0.545187421352
0.515124740189
0.546847442838
0.546411371185
0.541910979903
0.576295880344
0.634060111477
0.65362542587
0.657240290857
0.600438835207
0.617460039403
0.609355680042
0.627677274263
0.578220857291
0.590277067286
0.58411833996
0.588422767858
0.57345600921
0.535679056593
0.587649823505
0.532515506142
0.605419909084
0.632755182003
0.662051202598
0.650794768435
0.615405327771
0.582701652988
0.589467726643
0.542577628012
0.580944023217
0.588407092368
0.584327076966
0.603566387681
0.604358952495
0.565637516365
0.545602156023
0.546559930892
0.585093906067
0.523194168204
0.567870460275
0.570087460174
0.670745780619
0.611767886462
