0.658909089567
0.577129841915
0.618380249543
0.655919336167
0.599102000167
0.641988737445
0.619450234647
0.614288010898
0.568537609452
0.603527830707
0.614981676223
0.534768860165
0.613499329001
0.543276280126
0.563137145425
0.599808415475
0.572919065214
0.665950033321
0.602294857683
0.620923029734
0.652731267929
0.631671717656
0.625755663004
0.620430677829
0.602610537562
0.600931660902
0.630243454967
0.613063632515
0.556074924427
0.647306061531
0.579114786967
0.59559843339
0.618070220171
0.596294955718
0.567544556009
0.590227801637
0.610357166739
0.546714147779
0.586126397793
0.56793376125
0.579522451078
0.535325065875
0.537601295184
0.603456491389
0.513809401473
0.631182396275
0.63047393516
0.603787784171
0.567027903735
0.617366429335
0.552670694368
0.631640695014
0.623474348458
0.612750157183
0.594274813964
0.601098998611
0.614690506172
0.605958779516
0.595803066522
0.578363672145
0.601082123924
0.585516298829
0.585493666747
0.645776971962
0.586709482727
0.583464999858
0.623695937439
0.588142560955
0.661864145651
0.648527761195
0.541300451043
0.598811116256
0.641905348853
0.642448355627
0.620836763102
0.599644213499
0.587365523143
0.587444117779
0.610930903494
0.534122653508
0.594891122267
0.52920358871
0.565471654843
0.58287551446
0.582697163301
0.617144017207
0.63245938362
0.582210738752
0.600223934219
0.650556562365
0.644123318639
0.658320886972
0.625178570534
0.619850269054
0.63773610928
0.600437284101
0.541198144814
0.61827821523
0.58180753512
0.568474331403
0.609142937779
0.589852895022
0.660321523926
0.644792953751
0.571084924947
0.612792357103
0.648901469895
0.638297760071
0.677435686324
0.664564213052
0.640395804914
0.649186407935
0.661340178633
0.537080599345
0.611757973357
0.540034902381
0.596730925859
0.594460638447
0.603090975703
0.644947458571
0.632370168617
0.593876411486
0.618451890168
0.641197798487
0.663023092894
0.696277229334
0.652198014164
0.679558931753
0.636024172739
0.663598613047
0.552227992467
0.645568119537
0.544602726761
0.603583188936
0.61469792124
0.609456542615
0.628081138086
0.615956899275
0.533115641219
0.602271309997
0.613020572345
0.623673872073
0.671094133019
0.650373865091
0.646651029627
0.649576083059
0.627767194489
0.523723147284
0.623362110288
0.537412349647
0.562271952185
0.588383971209
0.574418867626
0.584503841977
0.607467558964
0.544686959933
0.58106070147
0.595886841853
0.620582616406
0.634915277529
0.671483062423
0.632613692717
0.624968614624
0.645493471578
0.520022871217
0.618307357362
0.518830146236
0.529010597831
0.574979412379
0.557327665683
0.619932502907
0.63396349238
0.590297252833
0.601342405954
0.601357329623
0.638451570869
0.659401257399
0.62644599701
0.656553201457
0.619414854784
0.594733988836
0.566445644926
0.638352206828
0.588316139028
0.565022502395
0.602481174725
0.560982098571
0.624074078064
0.6147893103
0.523935380868
0.57690146203
0.615369397098
0.592458573006
0.657017531361
0.648154753681
0.620430520726
0.636535605871
0.588502947172
0.490827486621
0.581812055279
0.488665551724
0.573248849836
0.56941059911
0.588274549905
0.549572403051
0.556990856328
0.635664469048
0.582723902983
0.546392804882
0.546517355556
0.539150965449
0.550652512452
0.527094329606
0.516888468054
0.577129699641
0.493594370016
0.605762484732
0.586847710149
0.526092562056
0.59755669176
0.49851300538
0.636383710597
0.652075331379
0.632955313617
0.652500616353
0.616112831782
0.628624154739
0.627869956496
0.648137608884
0.625545961416
0.625853797109
0.651838632757
0.605906271396
0.611990128434
0.592793740227
0.586094189493
0.634854471639
0.580023708791
0.533344981079
0.573409664497
0.604971925383
0.585698316928
0.538679049863
0.58418930744
0.538913430565
0.553284759985
0.537020931319
0.504486596331
0.5906657849
0.490373482358
0.590845708266
0.587874495685
0.640218928641
0.664713441881
0.585686559394
0.567542863419
0.601813234356
0.575625037306
0.584629293351
0.570473818617
0.568138119782
0.598866082209
0.598122112504
0.561495289993
0.533600965693
0.558230717376
0.570072455911
0.535923564345
0.573324574561
0.632722520499
0.653414151196
0.673665056577
0.598635443831
0.612010414539
0.613834837136
0.624239970521
0.576091191581
0.606499638418
0.582390250364
0.603712936714
0.58885804545
0.568874301732
0.602912156778
0.567458448184
0.6021111249
0.632960347571
0.658264597378
0.651470898462
0.631381154644
0.568691922255
0.595577502744
0.542528682036
0.59185658755
0.592655400701
0.593043288726
0.606858046259
0.609439354064
0.576341205657
0.563837318587
0.562051935528
0.594026479265
0.511707098706
0.56439926384
0.573323171617
0.662963729274
0.638997848405
