0.639429848958
0.513824205535
0.597390954601
0.657775070601
0.578393566202
0.599779609337
0.571085533678
0.58975636247
0.562255309362
0.530540566929
0.592750755409
0.521128372195
0.589664646956
0.519214761333
0.540531637747
0.584249848415
0.555092602332
0.657990589409
0.575416132486
0.600128133654
0.643026504551
0.617327405554
0.580014973628
0.585246262646
0.585501416475
0.56587794637
0.590733145139
0.595066430797
0.544008926414
0.634981668356
0.564096185279
0.584653941166
0.61355697658
0.569749260864
0.524505625533
0.573643178351
0.589598569524
0.521472057238
0.560786033452
0.539425830843
0.526255541508
0.52907114525
0.510346610576
0.558074575924
0.492615656334
0.609611210274
0.619397673877
0.598312514212
0.553362801207
0.595754825902
0.502796458861
0.602051996875
0.613311575028
0.585427290086
0.572989692139
0.577566318486
0.602525384557
0.56978198192
0.590284617122
0.563297946199
0.569127522991
0.582230844131
0.583124448743
0.642015281421
0.608031890865
0.588916177024
0.621795403667
0.566273019915
0.651523228265
0.634873521092
0.502234717387
0.579666219927
0.633154779803
0.575313069639
0.595972777694
0.571752162388
0.553651556001
0.518589265615
0.585785722479
0.520681640178
0.570996448138
0.50131897828
0.540759528063
0.569178104902
0.555994753068
0.584112695471
0.619174713891
0.548609972582
0.558823580466
0.632730957877
0.56138044456
0.624413598736
0.589228374014
0.605404817119
0.563085004709
0.571482882521
0.511511282244
0.590078764173
0.551045036699
0.55045854287
0.589103618409
0.555098886291
0.620274215874
0.607720591857
0.545514960072
0.60902176887
0.592749330975
0.588936944615
0.637979405334
0.66271976184
0.599984352367
0.645580807857
0.641135428976
0.537647792283
0.610102173539
0.563306956106
0.578437342926
0.607978787478
0.597454317887
0.583325685497
0.57902069715
0.50946034362
0.558168333916
0.597443895674
0.623564833724
0.607657515904
0.610825390479
0.659663186616
0.566981837411
0.632047766812
0.515666473545
0.582445020587
0.515284207114
0.55082167057
0.571284791386
0.584050463905
0.612674758181
0.595391893366
0.510402524888
0.588484610064
0.584095542006
0.598338070897
0.65556118949
0.614284048054
0.62311046029
0.624377226601
0.619622243478
0.525915834137
0.601053852157
0.532007609195
0.551469274238
0.599900790759
0.574398016578
0.563997910599
0.571278905495
0.499567461084
0.54829034749
0.55929024536
0.607423930367
0.563452867501
0.656559630561
0.595949564583
0.577624794551
0.624437817392
0.493609459114
0.581575033867
0.482819428975
0.505249281446
0.55215511324
0.519901256881
0.553195931863
0.585464829726
0.547610383705
0.578818101692
0.545082255568
0.570823037503
0.633787787272
0.573132114584
0.634162271241
0.583527634831
0.589318638844
0.556226489939
0.624182499002
0.580326207259
0.552745508954
0.587777378057
0.514309251007
0.613553797789
0.589358088624
0.48445711879
0.570110228464
0.592058611112
0.567302121668
0.624404025881
0.629450561453
0.618793690806
0.625678503922
0.586656674851
0.475414360667
0.581700049244
0.498190091303
0.530155702753
0.587177766941
0.585380866401
0.530529431171
0.550661621679
0.613748870142
0.580244648931
0.534390915457
0.520856642639
0.531054974649
0.525126950974
0.52874851306
0.500089650589
0.562361794547
0.476893544569
0.602234384858
0.585256572861
0.5279759003
0.588637005098
0.476877285804
0.613365779231
0.64670654268
0.608202598704
0.637473393166
0.601462054564
0.609029636199
0.604153873115
0.588527168348
0.615133716903
0.601367460668
0.61971256594
0.582125182182
0.60803046889
0.583847272147
0.582074390243
0.635852451204
0.561017599297
0.51575139519
0.576332578151
0.604722846274
0.588306876748
0.519514870495
0.574123655711
0.576860790224
0.527828649093
0.55487976858
0.493779401938
0.587060444864
0.518720106606
0.590895458399
0.59209709918
0.642890564548
0.642478563175
0.561333661888
0.542707012361
0.580614208071
0.554152840348
0.584226270082
0.551646109275
0.558046773366
0.568428219989
0.563070637277
0.565625780226
0.52737472776
0.543089978877
0.563082077119
0.541327133647
0.583979637323
0.626377285364
0.657881438638
0.664659159907
0.593018744775
0.610414637797
0.58365442708
0.61348256026
0.575837383199
0.592205220149
0.589337982693
0.579345762633
0.59528686951
0.570271314253
0.580868312932
0.58658798241
0.580733674668
0.626778691433
0.634565220828
0.649089707023
0.622287149468
0.543122463139
0.553296170137
0.490074887985
0.566018250105
0.559710967069
0.555567971292
0.565855069906
0.561658900588
0.55234170924
0.531203332792
0.504524955723
0.578979214635
0.474183577823
0.537059934238
0.519350465295
0.602000857922
0.628882239279
