0.5051146908
0.6214629601
0.4056752665
0.550780422
0.4846434028
0.5823589989
0.5464441392
0.5457176964
0.5184107312
0.5593626354
0.5193092932
0.6011523658
0.5058221269
0.5624621773
0.4951707035
0.5654138276
0.4830822293
0.5182938616
0.4460953937
0.5943518087
0.5222421531
0.5029935573
0.4437372814
0.5467723227
0.4641488566
0.6140469187
0.4060828761
0.5287835869
0.4166116974
0.5116398322
0.4797859495
0.5817076274
0.473980127
0.5363953777
0.6153354794
0.5308461156
0.4826705083
0.5774623671
0.5259772562
0.5788847461
0.5965403886
0.5272269447
0.5646875465
0.5382907637
0.5532547945
0.5618709017
0.546254085
0.5277355025
0.5281155206
0.5426044345
0.5326687989
0.4866021383
0.5058620277
0.5939994236
0.5313506652
0.4604350655
0.4957344906
0.5349724867
0.5505704138
0.5887867939
0.4767195513
0.5787804682
0.4965247062
0.5513989914
0.5152395198
0.5710001166
0.5370708023
0.5343746099
0.5406133597
0.4306864767
0.571584322
0.511185872
0.5556032521
0.5325595691
0.5456921891
0.4362074336
0.5414204495
0.4827163928
0.5247771709
0.4497529884
0.5175064648
0.4244623056
0.5128348324
0.4372852402
0.5010635916
0.3912804457
0.5524497618
0.5291161327
0.4652159437
0.3707308165
0.5889990692
0.5480166539
0.5876160018
0.543024899
0.5176292919
0.5620825535
0.5209555198
0.476869796
0.5588816004
0.5330615587
0.5035350703
0.4513941263
0.5934010232
0.5232243717
0.5801133873
0.5543645404
0.528136427
0.5616356263
0.564692173
0.4966150318
0.5632732784
0.5305896306
0.569981221
0.5326289752
0.5639071995
0.5047970212
0.5507836193
0.5205945852
0.5371475659
0.4823489094
0.529663683
0.555399233
0.5625524557
0.4510397374
0.5502642014
0.548947534
0.5958389993
0.5919189946
0.5274878735
0.5830521411
0.5471527333
0.5414140293
0.5655758641
0.5719652954
0.5460124854
0.5334963147
0.5468779564
0.5805770888
0.5174967424
0.6119749129
0.4197890261
0.5534975064
0.4798167396
0.5596416807
0.5420990982
0.5954737336
0.510919951
0.6063762304
0.5139269494
0.5784212573
0.4869205737
0.5726482493
0.482080255
0.521195287
0.4544348278
0.5885093394
0.5255588045
0.5184985545
0.456168728
0.5162305256
0.4975683212
0.5967122318
0.4231350533
0.5354067015
0.4289090034
0.5169065182
0.4682473591
0.5547536171
0.4895771248
0.5269013278
0.5249366103
0.5257395083
0.522051139
0.572952634
0.4345968502
0.5436368696
0.4909608796
0.554209753
0.5790388576
0.5574778503
0.5335615615
0.5990512257
0.572856747
0.5735272616
0.5290606462
0.5672880556
0.5633190208
0.549536025
0.4741221726
0.5832851988
0.5335494966
0.4949131008
0.4413341949
0.4812890301
0.5039563865
0.56856853
0.4375729482
0.5380488498
0.4714858288
0.5126309643
0.5043795166
0.5542941118
0.485715086
0.5332416954
0.5872495429
0.5540671661
0.563053783
0.5956280729
0.4480279183
0.5424444943
0.5212053041
0.5799334929
0.6158803211
0.5440984766
0.5897032852
0.5780769139
0.5868964983
0.600245542
0.5736229371
0.6081522532
0.5864027655
0.5425968311
0.5324408693
0.6192560054
0.6050480786
0.5229914439
0.4732672227
0.4994716995
0.5233937017
0.6013570143
0.4357512066
0.5510630677
0.4992910203
0.5343092488
0.496101486
0.5500067057
0.5245505223
0.554493519
0.5593088865
0.5294870263
0.5167246236
0.5611685236
0.4165357998
0.5151267167
0.4852639974
0.5622352226
0.5863606414
0.5385491728
0.5832291398
0.6053773543
0.5647038859
0.6138183861
0.550087053
0.6028286406
0.5857360896
0.5831133999
0.4813512978
0.604266732
0.5926240342
0.5499713552
0.4424755279
0.5099856597
0.5009359323
0.5953998331
0.4072875746
0.5134039971
0.4812433237
0.5368187479
0.4908267872
0.5504257098
0.5485154854
0.5605624351
0.5508424626
0.5188878216
0.5238336403
0.5586883815
0.4208516928
0.5109190641
0.4920425013
0.5547517652
0.5686636923
0.5120871139
0.5654243752
0.577167835
0.576197388
0.6104946816
0.5969569691
0.5720330792
0.5990722077
0.5507919828
0.5102620021
0.6104084697
0.5698893553
0.5008517129
0.436577938
0.4833487572
0.5000792469
0.581157334
0.4367889903
0.5169928862
0.4727600269
0.5048847844
0.4868748204
0.5236764126
0.4935458316
0.5210493696
0.5007083726
0.5052946825
0.4648220187
0.5497778159
0.3853340889
0.4947231762
0.4595681012
0.5417858389
0.5120925609
0.5050059533
0.5316306685
0.5904938321
0.5146314724
0.600720679
0.5486212583
0.6131953522
0.5221002058
0.6058487706
0.4508158192
0.5901342151
0.5570214401
0.5670167729
0.4159917109
0.447025895
0.4750845305
0.5789284528
0.3741418548
0.474048977
0.4384600896
0.4729036624
0.4585211741
0.5298082649
0.4813669294
0.5149411087
0.6001562444
0.4723728907
0.5989035022
0.5104072889
0.5131419596
0.5523318531
0.5417116364
0.5371464655
0.5914368975
0.4687382602
0.5932646928
0.5074686524
0.6252757908
0.5424320619
0.5979409455
0.4874296638
0.6120362141
0.5398099647
0.5914300355
0.4794927139
0.568577683
0.4341172278
0.5193853339
0.5037399816
0.5910710135
0.5427958711
0.5212460766
0.5561987334
0.5167982252
0.5009683858
0.5462946281
0.5405161744
0.5155786093
0.4754076571
0.4925223264
0.5462545064
0.4619724408
0.570853843
0.3553180531
0.4646186372
0.4421715176
0.5546758897
0.5212844524
0.5456729178
0.4882972895
0.5573424356
0.5078810296
0.6245380762
0.5323760667
0.6217821088
0.4966160601
0.586994443
0.5233259115
0.5864228711
0.4154128637
0.5750061204
0.4012596092
0.469814731
0.4359938222
0.5817084435
0.3481433827
0.4759809689
0.4216981066
0.5096044397
0.4107850829
0.5330158175
0.4578104505
0.5483327865
0.5262618473
0.4661028312
0.5354665894
0.5170601358
0.5426709583
0.5825911307
0.5354528142
0.5592380306
0.5226253594
0.4500205448
0.4846254086
0.4709546898
0.4881109928
0.4607793234
0.4992461358
0.4652181067
0.4775178407
0.4466670024
0.4690732232
0.4294280491
0.502014208
0.5317700605
0.4640714306
0.3966049917
0.5447794183
0.5525950328
0.5193415274
0.5546912242
0.4989925015
0.4912480876
0.5408065146
0.5483583772
0.4730152293
0.4550417641
0.5877216083
0.5061805005
0.5648199746
0.5814460822
0.5157375261
0.5955127467
0.5451539578
0.604936706
0.5990748486
0.5034831813
0.5731380029
0.5375726837
0.5690238104
0.5380222505
0.580099824
0.5325610111
0.5509507259
0.5346847346
0.5701857561
0.489472367
0.5372924036
0.6061474648
0.5565979058
0.4426862492
0.5214114603
0.5621865492
0.4981080658
0.5680786103
0.5216055645
0.5308201934
0.5655919353
0.590146172
0.5401401658
0.5114317634
0.5201402114
0.4220900211
0.5744730925
0.4971427229
0.5426494147
0.5510437952
0.5635785677
0.5575973182
0.5416765649
0.4479991315
0.5339066485
0.4666161878
0.5401087853
0.463975285
0.5199527618
0.4286471161
0.5061575988
0.4524762793
0.4658934191
0.3858072827
0.5413885398
0.536554135
0.4822386009
0.3540107634
0.541471568
0.5408074224
0.5384949104
0.5235320733
0.5995258718
0.5499036451
0.5952348253
0.562378917
0.5538401051
0.5007648525
0.4957717415
0.4446300126
0.5278198683
0.5087613086
0.4616879617
0.5225755026
0.5137158077
0.5545463955
0.5130977954
0.4785670835
0.5019572274
0.4887572891
0.5209120039
0.519080089
0.5199363298
0.4975136288
0.4814122516
0.4958525527
0.4506597971
0.4509356325
0.4808868987
0.5165494727
0.4935709519
0.4132400217
0.4740521507
0.4973847862
0.4979772402
0.5341319024
0.5179943025
0.6147003653
0.5557067467
0.5497001488
0.5974283449
0.5626952991
0.5370200438
0.4768889832
0.553983753
0.5463330434
0.5001696007
0.5664906338
0.5353388893
0.5837428686
0.5340822501
0.4670562798
0.5476413976
0.5303522418
0.5234909336
0.5046338773
0.5374035813
0.505657947
0.4985482084
0.5033320518
0.5025301089
0.4553813572
0.5231698482
0.5549291902
0.5122178174
0.4093942406
0.5348935476
0.5577413832
0.5527807281
0.5917902651
0.5329545281
0.6142420659
0.5367669676
0.5825471375
0.5442940867
0.5511996026
0.5124075971
0.495783465
0.5015441688
0.5303612679
0.4341844165
0.5027550824
0.5089740481
0.5328720155
0.5114759384
0.4915694917
0.5203992381
0.5037273903
0.5244953916
0.5420788385
0.5310152538
0.5406254993
0.4990906676
0.5146829686
0.5029101319
0.4646419155
0.4575663207
0.513589012
0.5289642352
0.4492637594
0.4433226251
0.4822655218
0.4858728634
0.5383423148
0.4813732936
0.5657223175
0.541859813
0.6055526592
0.5300136971
0.5665697574

