0.559718389037
0.448690210236
0.544880675585
0.602235850993
0.52516180975
0.573959136261
0.519870342655
0.520778209886
0.477339591336
0.526325534084
0.554398485631
0.506709070216
0.553241976207
0.517482554498
0.447492863846
0.535643485195
0.526167135144
0.530961489162
0.53151081953
0.521907061552
0.586194150779
0.578258397561
0.531110742915
0.535559326678
0.555523876462
0.523971526329
0.562727644139
0.540834208135
0.481020378331
0.587871672061
0.549931294904
0.543071588855
0.556457214957
0.550864341439
0.446164694591
0.533894674222
0.473486799047
0.497087317179
0.488846785858
0.471313621539
0.496345435341
0.478675703103
0.476125670959
0.490975402634
0.470318772181
0.528932696753
0.560106049864
0.522140264923
0.537947906772
0.497368909338
0.481232476072
0.561301178882
0.542451067707
0.467796111591
0.539148948882
0.503222713243
0.536033361755
0.487964120949
0.521269166614
0.494925281216
0.522362186245
0.540522838707
0.507706969246
0.549222097517
0.526456479422
0.493463657248
0.565165987477
0.547508534798
0.596028633615
0.593647318683
0.487202978867
0.522982248369
0.603166910326
0.579513047427
0.533012494528
0.553220550805
0.51542924059
0.551352626455
0.550322539109
0.515877624154
0.577303964092
0.526000892431
0.508610616295
0.552639140687
0.548997783286
0.514072014038
0.580307975102
0.483502072953
0.487728838062
0.600390157509
0.581280939156
0.569659875536
0.576210502596
0.551349885374
0.542645553554
0.534755485662
0.478015076829
0.555238549218
0.549949109843
0.505407966433
0.53196546598
0.538799974063
0.577956142001
0.558621029173
0.485144478118
0.537964585154
0.576567655331
0.591466582774
0.555168325289
0.613168705166
0.529939180208
0.607321467795
0.575773645307
0.503083144124
0.568475721101
0.554884206937
0.490500704474
0.519583427191
0.555904900673
0.499792085653
0.53319951252
0.497862475337
0.463249137091
0.508080200527
0.569991695061
0.546449504022
0.564043834079
0.603781881109
0.524682679528
0.565666965847
0.495532903682
0.539437944832
0.488597801864
0.497013626353
0.495205366168
0.557636672435
0.521481023778
0.555520344202
0.471632148346
0.520014305715
0.556996696931
0.575355711978
0.610300445661
0.559078038495
0.566643167101
0.596179574998
0.571644871801
0.485839297444
0.564532694364
0.545139710764
0.507475477598
0.569898666251
0.572134368196
0.490108200689
0.523366895524
0.47551017119
0.466712264647
0.509848479051
0.55635498986
0.532583372904
0.603058211294
0.560496831345
0.533507491025
0.567246179828
0.454730029587
0.557183247992
0.481999403886
0.502666493909
0.520239912095
0.52229761338
0.525594950337
0.536692063911
0.491585219437
0.50215884375
0.554781952233
0.540528579172
0.604711331001
0.534802042326
0.59248207287
0.537793318953
0.547461203953
0.494011772988
0.58274185299
0.55269161506
0.521734546129
0.520905321954
0.542438965423
0.565550504245
0.544485470487
0.454135996939
0.537478755811
0.545991068464
0.540225266129
0.56458883883
0.566560128394
0.583272009629
0.571300421497
0.551624699873
0.466325321947
0.540295567613
0.495203374387
0.512088009017
0.546222185408
0.530332653139
0.504063351254
0.480555300991
0.526436685472
0.498485881613
0.509253795357
0.480894471864
0.464039304606
0.504704327343
0.48784722046
0.458002009525
0.510021501757
0.470096246202
0.568504838274
0.505540962775
0.46734324568
0.500375026582
0.487549904533
0.563127536504
0.575129323595
0.559841059644
0.556694786002
0.589055543237
0.552432422786
0.573157527512
0.548991328385
0.564770739472
0.550677998698
0.59287262703
0.547087730847
0.565759948512
0.545936745156
0.545662805485
0.557708411297
0.557299222597
0.488704900927
0.561040650356
0.511189522661
0.51774064567
0.531936641384
0.547970757032
0.531074610824
0.466644924209
0.541787453896
0.479073735062
0.544251646081
0.502834878648
0.51207974644
0.550226012881
0.617614544307
0.57449970061
0.546339046261
0.448155884056
0.543002628945
0.519153593399
0.476644456198
0.512659214842
0.514217667536
0.463659286403
0.506608179119
0.515482878031
0.494915553399
0.509363420753
0.491235484668
0.489228158991
0.542453826631
0.618547276437
0.59257223625
0.561053866873
0.52736131659
0.548910962318
0.474918067859
0.556481315424
0.538051276495
0.532000094579
0.52140499982
0.508058403537
0.563179700587
0.52651132429
0.521776162697
0.550768376152
0.498366429415
0.556717555069
0.579729511567
0.590014429567
0.617980598393
0.523481604287
0.550998564062
0.468244878144
0.54391917729
0.544077279529
0.54288281002
0.541281063402
0.562832629795
0.556632105375
0.52031314514
0.537466332487
0.53816909021
0.482408514913
0.554011480345
0.541422997914
0.54796145467
0.612714510805
