0.642025837281
0.56524142798
0.611102530755
0.639848079183
0.598246155104
0.638431360299
0.611920096972
0.60849069878
0.574564416302
0.607721729196
0.6108053925
0.571440668937
0.627556069245
0.578775194021
0.573794490815
0.613678450649
0.589473207341
0.64312909048
0.586741827386
0.611766150906
0.634526665317
0.624046190961
0.638186037558
0.614894423474
0.607923467489
0.594910309563
0.622472595964
0.607244130877
0.56445939429
0.630667075695
0.604343804409
0.607048790336
0.625478452147
0.598335557674
0.568911422027
0.587041500491
0.586280255458
0.565993035891
0.558678899165
0.56448545723
0.563006183329
0.5458906423
0.528612187423
0.579090725361
0.527383870547
0.619874974663
0.61965216417
0.591155497942
0.596368845795
0.589716332715
0.566320432281
0.621571361016
0.619691378042
0.585793520161
0.600073797151
0.576482937819
0.619608418266
0.57730967375
0.58033532843
0.55754610654
0.595409575577
0.596210662692
0.589565130089
0.629532285695
0.595844261296
0.596323606157
0.61453649708
0.599748487963
0.642806585992
0.633704013655
0.561046545713
0.597947289552
0.653322432268
0.634039752746
0.617354082659
0.605747171027
0.582006373241
0.604393512554
0.60737247856
0.559484951815
0.615268121989
0.572908886491
0.578278496422
0.605936295134
0.593554791657
0.605367299773
0.628810862753
0.554667724981
0.575410448565
0.656179112499
0.657385854736
0.645820771618
0.626225839644
0.619241221048
0.618791970144
0.612146357986
0.523889447682
0.60451081138
0.604677433864
0.585705546515
0.606766417026
0.604672973335
0.656536347744
0.650122781902
0.579353349589
0.625067974466
0.644785540498
0.661326519536
0.672621955519
0.665440838761
0.636557248151
0.673709449451
0.65429641541
0.567162827633
0.62535166679
0.619722106965
0.616539988143
0.61610280075
0.625268239773
0.632788844332
0.623906517953
0.568276385442
0.581194734935
0.636107415347
0.656296422155
0.681034522516
0.643630203631
0.662514011085
0.632868017035
0.663067260403
0.551717461132
0.637188522707
0.590369455945
0.611063481367
0.630039543969
0.632121627973
0.618512865829
0.612116247338
0.538556763305
0.588930276914
0.61800629128
0.62952021158
0.666569532515
0.635608104745
0.627278457546
0.649518069702
0.621021789718
0.534380618405
0.614005407352
0.601025165064
0.589516962056
0.613973769816
0.611349664628
0.589224840362
0.595194370109
0.518620594149
0.552673815347
0.575602786452
0.624576752649
0.636239561115
0.657272975893
0.623977354146
0.603613424971
0.639559304199
0.490600258819
0.609909038019
0.536309265388
0.557638686608
0.590689193539
0.578460968351
0.615869394579
0.616603438805
0.575999075767
0.588287055055
0.598426025505
0.619024238316
0.673450770138
0.616549445328
0.648908275257
0.60654115212
0.621358723389
0.565632796456
0.632339858982
0.617217407363
0.584315004725
0.600903368052
0.589443804889
0.618164456777
0.614582771887
0.529894097627
0.601362324925
0.609581710389
0.613902745122
0.652197114737
0.651943845052
0.624650362598
0.637007412481
0.627308232571
0.518298976101
0.603421875781
0.543344201796
0.579000335154
0.609238858117
0.592149689111
0.575933167444
0.564938038536
0.621079585227
0.59495798488
0.562173993944
0.53448608043
0.549309476767
0.55492300213
0.538755026216
0.501591978941
0.572968803344
0.51588982443
0.623344564533
0.579483878947
0.560977339525
0.58478675398
0.553854192449
0.638899018585
0.636031301574
0.62500144462
0.645222455347
0.631233610062
0.612916519462
0.629758475917
0.635908778802
0.61794557292
0.613560415146
0.640424275163
0.602465586626
0.622749224787
0.605136769079
0.613713066166
0.629230757896
0.609146491972
0.567777977371
0.607096853749
0.582833754708
0.603912124366
0.576585617337
0.600404976372
0.611748726664
0.577119371473
0.601847669489
0.531680347446
0.610636209533
0.539421592818
0.572494634778
0.60085624795
0.647475025003
0.638459738264
0.607393500024
0.566266699931
0.605424055087
0.583629574077
0.584896677762
0.590655470279
0.58243930716
0.610915749141
0.605581732459
0.590925241083
0.554966341048
0.589642163191
0.564474279436
0.55965521159
0.600629131133
0.649084902526
0.657517988972
0.653766174165
0.609678556734
0.62620732167
0.579968191867
0.619289625069
0.604694531986
0.606092480384
0.61251192571
0.621462971368
0.611644899394
0.588146055247
0.600205186837
0.604074258776
0.5737722927
0.630294586149
0.637634114987
0.658112461693
0.657752696721
0.589500167273
0.600729466072
0.556527322361
0.597076720751
0.597461609987
0.609987405087
0.620176864181
0.620005523677
0.612122491021
0.574504543295
0.59320192049
0.589809027648
0.553772337181
0.598894974026
0.604683363964
0.662375741703
0.657977737551
