0.663967417875
0.6274308551
0.637670338541
0.662246252175
0.61570075808
0.657903463623
0.644416461338
0.635170909058
0.614826919178
0.625324357548
0.641166603315
0.635644343303
0.648497302281
0.612880819837
0.634723740749
0.649804514745
0.641016506892
0.67223633452
0.636455928005
0.641424245344
0.653490408139
0.632944960652
0.656663938172
0.644538152569
0.633863950093
0.634243785177
0.6407952667
0.646175288033
0.634555737256
0.66678173027
0.641487653795
0.663264093967
0.660185579131
0.653235974304
0.635420795294
0.640639185566
0.64170952525
0.632559661915
0.589972925338
0.64571903561
0.629118084785
0.601873863851
0.60508918585
0.62779326123
0.612746418007
0.654064427158
0.664250537989
0.63536296208
0.659688804402
0.635527242525
0.641425901872
0.650058653329
0.645527720278
0.637134491689
0.621433166062
0.591576237772
0.641546509895
0.62056289602
0.618411429583
0.600222033294
0.622570512065
0.629837161253
0.651344256361
0.660568488711
0.648344236201
0.638625122757
0.638539429553
0.649112555097
0.671280107424
0.657159662131
0.623824414417
0.622505219088
0.67482955287
0.649309807144
0.648375943423
0.621591597845
0.609526087038
0.626234020004
0.627815753412
0.617671310828
0.639645500754
0.611828505005
0.6259946898
0.644535014991
0.645486827411
0.626852946942
0.639018460374
0.591583796576
0.597098061001
0.679928000907
0.65209902115
0.648577373899
0.628610064136
0.623063321409
0.628076980475
0.625461069363
0.585523317491
0.613115089226
0.593642721185
0.602372424448
0.621735989946
0.635562996672
0.6770834316
0.671632094445
0.646365914344
0.652640233994
0.657038741853
0.653079160975
0.699172032359
0.688491029583
0.657378689094
0.690079937066
0.677761346609
0.639515286915
0.658826201297
0.647367223088
0.656705982181
0.654442446344
0.669814762486
0.664175056881
0.655214171517
0.63434899043
0.633569990287
0.659035394328
0.661994442436
0.705829895608
0.675923008617
0.690210762698
0.664580752818
0.68394818622
0.636943526884
0.676178320997
0.606061737565
0.644957353211
0.651555355236
0.673218536415
0.649532280461
0.635722338018
0.596159566404
0.626501705905
0.63147378017
0.631065035478
0.685690760954
0.66716697775
0.65466941753
0.679994142552
0.655907789882
0.606635588913
0.654189457306
0.638538940486
0.639695476781
0.647433743054
0.658944691738
0.630451493722
0.637266591245
0.604872829294
0.610854057042
0.614002635843
0.632343245287
0.655810088393
0.68036639947
0.656598743909
0.643366915995
0.664924768254
0.599975266173
0.650965301495
0.581419202208
0.621116291364
0.637770299163
0.634024980731
0.626948733699
0.637706764053
0.617966348122
0.622173982731
0.622176903384
0.623174834272
0.686557416063
0.647297734095
0.679463162606
0.638485051239
0.667829414212
0.611441308863
0.639893144255
0.630984119478
0.625284953705
0.63167048383
0.641012318538
0.653473161257
0.648489834667
0.604192108803
0.629014112875
0.633608510911
0.622859954772
0.665869834086
0.67317559509
0.658215723943
0.657145710935
0.670927459734
0.629289062449
0.653406759364
0.608328477664
0.627229963091
0.646804144896
0.636527904876
0.643415035459
0.641257280645
0.659813112682
0.661354698558
0.628014313134
0.588790567166
0.637634253119
0.626714994107
0.607126498838
0.597906977643
0.625681542042
0.635575028985
0.668589453466
0.643657339086
0.641471220296
0.636525080625
0.642393225941
0.667497983033
0.674507986345
0.661393027384
0.67492447576
0.654673672905
0.625622925939
0.6598570604
0.677818089526
0.653549685366
0.656618791749
0.654425710748
0.664566299288
0.668864041694
0.653157244855
0.667237889581
0.678837893629
0.669244346343
0.612122821919
0.637481507846
0.625719449293
0.646317356649
0.612550651159
0.589473153345
0.643019688887
0.598991439509
0.632987340022
0.576151814175
0.630510352263
0.603441984798
0.63622825708
0.639564975042
0.699415298326
0.663663509211
0.657533662008
0.642485955394
0.662046943117
0.65319813911
0.646925228899
0.624324243673
0.60590893692
0.651699692483
0.637182693333
0.634496105608
0.618155886512
0.629663025336
0.631714388427
0.63951396692
0.659461193039
0.702003057624
0.689807026704
0.68762897095
0.646734571889
0.652613085101
0.626771502235
0.642930990703
0.640091919838
0.6285027962
0.644392396474
0.639627413489
0.643913147895
0.625161363586
0.631158857033
0.64125823616
0.62906027374
0.664834522303
0.665594756639
0.685877417547
0.696606252197
0.65483940869
0.659700724491
0.635535059764
0.650170901599
0.64266467447
0.636566818465
0.665629462227
0.665615493738
0.656693767035
0.634120701592
0.64622622597
0.637908764453
0.640763700268
0.661177004734
0.6627893275
0.688135342829
0.699232080618
