0.577048948872
0.560335701987
0.479277780611
0.448969987686
0.565765718621
0.539203937156
0.600564964036
0.609929562898
0.54224604518
0.531980581687
0.595875332264
0.58199479876
0.548286982883
0.524844776704
0.545044776332
0.526162358068
0.502894687717
0.477717088467
0.55804889792
0.538677187679
0.554397417475
0.571267462149
0.528300150599
0.503640776955
0.581177118032
0.549921160259
0.532906641611
0.514748959706
0.4687042605
0.446763578056
0.548750691329
0.534949032778
0.542376886129
0.531854066305
0.534210963436
0.565512623269
0.557480685447
0.5228155977
0.555221730143
0.524175908404
0.581002243286
0.608684282864
0.578339724619
0.585026333288
0.564422052493
0.547656850734
0.551713795172
0.539365462323
0.563799030004
0.55466676903
0.533641988962
0.527518433815
0.578920832682
0.568000050979
0.531689276874
0.540453441315
0.5124370898
0.483848673101
0.596634734691
0.58334547837
0.56863116682
0.556286706268
0.55180442701
0.546286192778
0.565763277923
0.573154149437
0.555031466652
0.557216703837
0.452534932435
0.487422381508
0.528992974823
0.554273538072
0.46555470134
0.476323395445
0.486054156761
0.527579308942
0.493055969451
0.503833749806
0.459046374894
0.457919534348
0.487091136263
0.498299066564
0.463032602486
0.478362181354
0.47118254174
0.479972497055
0.48822152164
0.494568207694
0.453539931726
0.472483263514
0.543609331457
0.533224439618
0.553380956717
0.564259597637
0.513799584946
0.528042490188
0.534115816621
0.543691690713
0.49497407942
0.519990047075
0.470965772487
0.493410714423
0.555594381415
0.57638982468
0.547441285495
0.565172746388
0.473480667329
0.45954504301
0.536992642789
0.560012635141
0.508287651205
0.518819030743
0.544538050357
0.540346697713
0.5064870827
0.497961572202
0.527108492144
0.535562597988
0.508163744139
0.504500231184
0.538213796177
0.529284131461
0.527864285385
0.538840995039
0.521842088581
0.510034443678
0.55800694829
0.554144883932
0.531050884705
0.524962865505
0.494795432012
0.498667674242
0.563904315423
0.56520198363
0.541056155276
0.548215652105
0.601543672897
0.600805906758
0.608780664509
0.582933369358
0.519504967223
0.475629513388
0.541775732753
0.519119964803
0.609811252855
0.609030138779
0.600724068394
0.584657497036
0.564991055238
0.534200836251
0.570320775621
0.5585296499
0.535919242298
0.583776207613
0.558952812353
0.551789346567
0.553949762889
0.542782092902
0.508509209949
0.603593057385
0.568942793512
0.550374687589
0.518692285598
0.5362619197
0.497166533263
0.566950430464
0.553389277338
0.571175356927
0.550634887906
0.521562874371
0.529300197699
0.584823515099
0.579525137664
0.504788217864
0.479806672001
0.512437547615
0.493946026422
0.607918889607
0.607942470556
0.6037214259
0.60262139065
0.587830922644
0.574220106176
0.594383427873
0.582867698564
0.56846419996
0.559130277226
0.57159423087
0.550245149639
0.544837682213
0.545737644164
0.498746953957
0.477470842676
0.569280081067
0.552899534671
0.554534246077
0.55545413056
0.523785845506
0.520546317925
0.552306047136
0.547719683387
0.560230250766
0.559044512907
0.592512758393
0.599107968824
0.570204000338
0.573840952098
0.47738404477
0.476926097318
0.537429627726
0.548749717569
0.59396440959
0.598234759733
0.61100599853
0.607333741594
0.576771735918
0.567946192671
0.61289813557
0.611722054546
0.539625698168
0.537158467229
0.612809445122
0.595276785786
0.56120699307
0.584161859446
0.503291515067
0.490866996852
0.576122593359
0.568713850256
0.545721096096
0.553512357335
0.481259207242
0.510675818806
0.525124369896
0.535076954316
0.555219226179
0.566855091443
0.516819641038
0.540491431446
0.538824441538
0.556087526854
0.493295551053
0.482876481052
0.466925277487
0.482721324897
0.513948484782
0.552084876894
0.584180241007
0.595847782667
0.558132843204
0.569101561192
0.574594529297
0.57206441429
0.604606840011
0.604408406318
0.536281769824
0.530343760211
0.568234313798
0.590064544631
0.501085658075
0.493183937044
0.547728618481
0.545482305273
0.48959142086
0.490746066839
0.502105174954
0.518599019943
0.51183806017
0.526748788928
0.569480792724
0.580095618825
0.525522067162
0.542837129956
0.557946280857
0.564771247958
0.473929935711
0.455073682682
0.527110588335
0.518291141289
0.561886219474
0.571981212777
0.5849983017
0.591486589171
0.612766884547
0.608713325417
0.566910507228
0.565830444205
0.562693266425
0.57012237137
0.603793165459
0.576846906912
0.557440202117
0.577599441309
0.490475215532
0.471490221991
0.569383876008
0.551733261526
0.547222013677
0.537969291577
0.510183498285
0.518455439302
0.571813983743
0.571747043398
0.571934398202
0.57032947111
0.49155817272
0.517654767868
0.52296607846
0.540482329483
0.480544817615
0.469939373607
0.470413057475
0.478300930692
0.51496356104
0.534210709867
0.559120221994
0.569520813965
0.543658050566
0.5426038424
0.601769290553
0.605700686812
0.569035307381
0.559091519093
0.536283041641
0.532170011331
0.560969271157
0.580375935676
0.461576179572
0.449867269492
0.556532214577
0.556111360812
0.481493572726
0.478940168067
0.501252371534
0.502051059294
0.532912550071
0.537127145646
0.523167552405
0.532933667502
0.539370733433
0.564910285491
0.540792880327
0.558523299342
0.495380185471
0.483929201628
0.497823376383
0.51939692058
0.557862691204
0.582805926027
0.545048291725
0.564737622699
0.596061405084
0.610473480712
0.540143296456
0.54758562753
0.580881534987
0.603142712686
0.535023800057
0.550023558642
0.521366328279
0.56775545717
0.501764064451
0.493847721432
0.590419215493
0.583176092397
0.552468702665
0.548613606989
0.527448093794
0.535058729083
0.523501193099
0.541751696615
0.54254483429
0.550964653848
0.571547260802
0.567292327999
0.55806551371
0.546367870771
0.463647627696
0.439947035772
0.542854184075
0.533420026172
0.551821571418
0.546388619354
0.552854129614
0.549187177577
0.582742603847
0.550681478459
0.58568035139
0.564774414646
0.586261008469
0.575300357605
0.578970691475
0.566675292381
0.573776683008
0.526528715104
0.475878107338
0.453291098937
0.551659100803
0.526209073834
0.499861304658
0.478507118021
0.515701979649
0.501950980446
0.548083812753
0.538960931456
0.537138799321
0.520996724663
0.50145726202
0.529443742468
0.478609302682
0.520133049614
0.527968500667
0.534631588459
0.498345112841
0.508875444007
0.499584959243
0.539012319278
0.48814369464
0.512488310786
0.464446309143
0.473535800118
0.496063842966
0.512659770927
0.473459892414
0.493220423889
0.457038311059
0.467718274534
0.502867964196
0.515780319083
0.45526099946
0.480450059773
0.563841481237
0.577584189668
0.506746377733
0.528229990668
0.471314139411
0.49907237385
0.505228912576
0.522457059607
0.483842918756
0.505785414165
0.55962152346
0.587758154047
0.572848029986
0.59391535904
0.565622044338
0.556868200101
0.55761097831
0.565984036521
0.576127015451
0.613374080569
0.551316215468
0.572646386715
0.567941442461
0.580512542679
0.552516927418
0.555028353227
0.553200767961
0.570894400427
0.549749591084
0.554074848705
0.587844344304
0.60078118578
0.528968668977
0.556589715922
0.575650828807
0.560825637674
0.550277716756
0.54906724014
0.55024780658
0.55844147009
0.55655782849
0.577668894857
0.545900934305
0.567933286401
0.488773157598
0.510473395459
0.560441236085
0.577332877173
0.520846472501
0.508698925691
0.521482747324
0.533466298904
0.523267588079
0.558147777618
0.556465339543
0.562900998328
0.536679356983
0.530690147491
0.482595433532
0.476709790374
0.537936385061
0.543744933905
0.480116944579
0.478501115437
0.543976045208
0.553808747373
0.488152828213
0.501532066058
0.528592440762
0.509714957313
0.557753324483
0.555927104714
0.603885268963
0.622223731837
0.569671271824
0.594022640232
0.533140474474
0.561931057002
0.45538212035
0.479047291483
0.559672595789
0.558050030902
0.531215809931
0.514694488204
0.496235038957
0.483308791537
0.517859956446
0.540506509789
0.532101615107
0.540449963301
0.497486541871
0.460059747663
0.533195868038
0.520444019963
0.51377238638
0.520158570734
0.500405988096
0.497403702725
0.52447792041
0.521911046655
0.487868824694
0.493515093888
0.516627031654
0.489760531451
0.561734735635
0.550548112947
0.620195470631
0.604214368461
0.592678929425
0.60290853027
0.551358580669
0.577636892237
0.533642835375
0.546023101139
0.57554340541
0.571668516417
0.506675085812
0.481494434066
0.564724879845
0.563864136251
0.550684734202
0.564533790631
0.554450214907
0.55589927165
0.540503992731
0.530663693257
0.533783404641
0.524553187273
0.56732785284
0.572564206378
0.541292902566
0.537277583344
0.543282803114
0.534320539256
0.54202078302
0.554756569145
0.52713615802
0.502641506522
0.583920912215
0.553603953438
0.597028641149
0.575329354145
0.603435240933
0.591896680801
0.608324210051
0.625778902917
0.532682388729
0.53898821985
0.558882598984
0.556431570056
0.481126586055
0.461126769837
0.551534222208
0.545571244599
0.553383485969
0.57060402769
0.558440914229
0.562815363267
0.553579270913
0.546182805144
0.58015548076
0.574201901476
0.559051378686
0.560690898097
0.534880559598
0.523829113392
0.553327700796
0.53770384266
0.530708909357
0.53821584416
0.50695919526
0.481430979023
0.574007868833
0.550474991731
0.554604773435
0.538270669441
0.564887474312
0.558959201121
0.61852074274
0.60612934401
