0.640784393016
0.639254612134
0.575734998348
0.548893404969
0.600738852214
0.601289804522
0.650427449068
0.653400014779
0.617960845884
0.594942192605
0.633410333513
0.646943745889
0.600287905755
0.620833057151
0.55823076099
0.589482257022
0.577366372574
0.584917021993
0.528581983867
0.600733838038
0.568412913498
0.625179658109
0.594053518149
0.565169883182
0.601430089515
0.605297183182
0.571288879759
0.563599705819
0.599312927075
0.586711467264
0.627183287848
0.601370483373
0.605844775206
0.602076820705
0.650155944321
0.643515774245
0.604182048433
0.603139138824
0.628327077072
0.617098016876
0.640229451626
0.63744068814
0.633122844746
0.590709834988
0.631416462661
0.653318441881
0.607924766817
0.611784197116
0.590239886148
0.604724016554
0.586887288767
0.589108880917
0.590800103442
0.62037751743
0.603435181844
0.626632845341
0.608718069391
0.592440069847
0.632401060193
0.647442085667
0.617954220431
0.611812909854
0.63697493874
0.635277947324
0.644988664589
0.606904081976
0.62487365601
0.594228994446
0.576229155742
0.582866781021
0.606975232474
0.603242278129
0.601733514918
0.596914401335
0.579392910694
0.571642135059
0.587282496503
0.538283854234
0.597684724352
0.587725219484
0.578486059129
0.571935788885
0.553950635519
0.551772452914
0.54420725878
0.542984429673
0.584958272362
0.578453710009
0.559250614965
0.55605540696
0.61626126453
0.602040617094
0.627251439332
0.612657317678
0.607022988055
0.611904575594
0.610487940121
0.61314975587
0.59563395763
0.573342398232
0.584381815478
0.571521167193
0.621091464912
0.610822150459
0.622557251981
0.624204260842
0.59423474767
0.58101466088
0.607675090581
0.588413136951
0.594339194625
0.563140691597
0.623980312088
0.615259873619
0.582659731419
0.575854821963
0.585394170182
0.583379463759
0.568802139755
0.551796866133
0.570859828226
0.589704810871
0.585452196844
0.594688097799
0.617977481873
0.588266611116
0.632091230903
0.626444125304
0.620517349667
0.620091974447
0.617882145102
0.626900770481
0.623824315351
0.595020068458
0.615233111773
0.605408099401
0.654331103656
0.653335201521
0.630274107846
0.641482157156
0.571083982806
0.587690927054
0.597440200817
0.600795238101
0.667549852447
0.656385913716
0.626778364808
0.64540172816
0.607911005408
0.627766954203
0.558523995233
0.607835842793
0.562779110307
0.59509480054
0.555843465558
0.623632780201
0.574490689845
0.618717763329
0.590024363357
0.574019708616
0.597812537291
0.610198684769
0.582900954744
0.577369842865
0.613569477382
0.594591732592
0.630632632066
0.587530584892
0.620813701868
0.597757287463
0.608599545638
0.629725865118
0.60249139407
0.635447115472
0.541838789271
0.584830113196
0.567037074841
0.598796005303
0.657558699635
0.669952577613
0.618346846229
0.658652550451
0.594067853416
0.653498931153
0.545839459058
0.635083503829
0.593730053681
0.628501636897
0.470644018676
0.628218303909
0.49894188372
0.622678359109
0.552991769126
0.565328559084
0.578223688144
0.621185279207
0.575440327052
0.598711808672
0.575418732359
0.615302502254
0.594616767872
0.623821463904
0.610193675966
0.635445066477
0.663442552686
0.629105793117
0.664505204752
0.613880382111
0.593429768378
0.586619268187
0.626839505823
0.620560292341
0.652467480575
0.632217652536
0.661798586099
0.604349870232
0.650597803963
0.604714905737
0.65203702659
0.64310369162
0.625311183201
0.602189256506
0.627959402459
0.622899865715
0.634981375204
0.636366594819
0.60562800505
0.563331460657
0.628043374266
0.624283068806
0.627295449069
0.613471802455
0.626311602893
0.624287398887
0.638160567342
0.62537144071
0.642351697828
0.628587665854
0.635219292332
0.614301549393
0.611613486129
0.609931659835
0.571883362862
0.575297021287
0.577950886453
0.585208078082
0.628492994551
0.617839634838
0.657907501182
0.597637875755
0.579037642224
0.653424788103
0.583874732436
0.635801129086
0.635153268893
0.635436897092
0.55212809153
0.605189881272
0.588197306682
0.640601127499
0.576460130357
0.562718113789
0.612581465743
0.625493411185
0.564449797511
0.568400902862
0.582270172711
0.60782490253
0.595748431759
0.60414709177
0.620860900238
0.626724430766
0.625980671031
0.562291276021
0.607631215034
0.59104831287
0.551162497089
0.545851148073
0.59296894125
0.602401502129
0.614534252259
0.570954373769
0.635838034034
0.544765219799
0.646628982294
0.638485153167
0.63106835931
0.561807572085
0.61550600629
0.574042166197
0.590288110279
0.611610926252
0.576801220383
0.613280134188
0.573948480258
0.561146096411
0.607081628125
0.620554377526
0.605748865559
0.616580733262
0.59913625897
0.614411740357
0.60973662079
0.596604786475
0.615353900033
0.591073441667
0.592062841019
0.579907089337
0.585861170971
0.58454300953
0.530899966355
0.540403619085
0.550905351042
0.570032508059
0.590803971848
0.563431207851
0.632270987455
0.598989386556
0.59304322825
0.605091688683
0.632141362607
0.631588995589
0.575541528862
0.616230235849
0.548024401466
0.585451427322
0.56806074443
0.626495393815
0.537430012984
0.534047844921
0.589980255774
0.611348030055
0.539473909238
0.541780795794
0.545615351282
0.568721076035
0.583928696815
0.589437430083
0.582056149561
0.580481262892
0.6012708323
0.535466832805
0.627231166382
0.590810587847
0.572086999745
0.57482310611
0.597536989301
0.587638852298
0.61647103024
0.556197368392
0.625875621105
0.461086582335
0.648924121045
0.615464721058
0.606972351379
0.542888420601
0.612995055703
0.596019459468
0.588659257189
0.533502855604
0.603034653331
0.587168074262
0.592226835553
0.570932703777
0.618768974861
0.615715720041
0.613707806153
0.631566600213
0.59997526365
0.610308408006
0.609681088306
0.564233548757
0.584782256562
0.583912718679
0.633624835731
0.567934741241
0.62158594466
0.592575270767
0.551237710801
0.556168704318
0.597336554602
0.591551041275
0.61229839163
0.575562656129
0.625598178179
0.506350355598
0.63970732065
0.617332654695
0.637341699524
0.555500623069
0.607337787424
0.572769581855
0.629845053499
0.547678427878
0.593735827709
0.598336507195
0.572246730124
0.541418110629
0.604500477859
0.617855069768
0.552856313278
0.562096655043
0.586483899787
0.601882391121
0.620827953423
0.55584374132
0.610975605792
0.579825024833
0.576060043965
0.597903736181
0.590104284809
0.605437773605
0.606611140148
0.616523056919
0.606356532473
0.620675660791
0.57558153536
0.588916098979
0.56260470875
0.558139762769
0.559152358597
0.608913319694
0.563978527807
0.570265839288
0.556916442076
0.578344990591
0.535169188422
0.54055318823
0.576968703971
0.588684921942
0.547630929808
0.569981427184
0.62260083705
0.630815047306
0.599592642567
0.621724049532
0.589336448774
0.623873786064
0.596507424458
0.591913260492
0.560863160961
0.580587352209
0.632774958434
0.612429375032
0.649293306772
0.635665098301
0.61692155217
0.623652606119
0.637337564096
0.633867502837
0.628672238546
0.610680960865
0.629826785795
0.577933764431
0.631637298756
0.623389790113
0.628045131442
0.603562236386
0.606302552217
0.613552539344
0.61364417557
0.59656847325
0.609479003977
0.623139099604
0.623304684294
0.616576301915
0.632746475794
0.622706089457
0.611183274522
0.6252600077
0.622585194914
0.644319277652
0.629176842244
0.612694188757
0.624237322668
0.592766286802
0.579770508253
0.577086229405
0.61157301469
0.615499099212
0.604434472952
0.59919123804
0.636279162454
0.613564859328
0.59566092647
0.586033134295
0.597687948488
0.585872973126
0.617750733528
0.61633132308
0.576608839469
0.56311457136
0.618531282115
0.600699089886
0.545440920238
0.547781222559
0.62697448125
0.605420776137
0.56676065605
0.562087087615
0.623097356207
0.596037791624
0.617079380232
0.599295539789
0.670167748933
0.677717441797
0.639863105699
0.623851318254
0.610459532643
0.610623786832
0.598204126587
0.597322533909
0.629709140428
0.632144169759
0.613453268538
0.607751557728
0.632789752404
0.621805189844
0.605736888082
0.606550614309
0.619263126565
0.571363789486
0.62887325127
0.607766515836
0.61353179192
0.569854367988
0.61529221788
0.592091451363
0.577775830192
0.538038158912
0.608821110284
0.610370772158
0.595976645687
0.591430013145
0.618675791955
0.587559696698
0.636801074083
0.619742313312
0.671476519384
0.673963297538
0.66993102403
0.663614604259
0.667427180822
0.647309215801
0.601272615009
0.628180881231
0.598830132189
0.63582874474
0.562753913146
0.600326286194
0.597719791623
0.622969770321
0.594105579602
0.628228480231
0.617891963079
0.58614375662
0.620377807601
0.626222479776
0.591814656088
0.581910613396
0.586020555264
0.620263815415
0.585566991062
0.57812844949
0.565623406203
0.613304865253
0.56349289356
0.620910222935
0.591322107991
0.591476211721
0.595814090001
0.632829403972
0.629283638859
0.640867302239
0.647887688237
0.665800023742
0.646476707577
0.675627761003
0.604889440222
0.611306986628
0.595288376869
0.625193509137
0.56845973333
0.576087000503
0.608089600085
0.617715241497
0.591350460758
0.612415984313
0.63450977339
0.608268719371
0.631642607316
0.628281482951
0.611628697995
0.612952790846
0.577600526955
0.613057784336
0.582162953392
0.574370132421
0.580303859142
0.595510645447
0.566171785919
0.607400416603
0.583049277532
0.56526046114
0.585135477236
0.618405729729
0.609237457983
0.618092559522
0.647967009783
0.676280252791
0.676121877387
0.656905909364
