0.558674717341
0.571860440921
0.517108077694
0.505296932351
0.538869318007
0.554960589704
0.580373646713
0.571906488806
0.566033153164
0.484274263714
0.492354670973
0.477602525183
0.528849409618
0.478665761022
0.484529415607
0.488885178005
0.511738025069
0.439386156311
0.448296970301
0.483456316348
0.487947917538
0.516064372694
0.553834337479
0.485527576615
0.5297908726
0.535877731103
0.508886062252
0.540568569787
0.553990247448
0.52276504675
0.522726733209
0.563500969045
0.518954269312
0.540907091641
0.579082710863
0.564806349279
0.551980462765
0.55175921309
0.536599191713
0.5725664219
0.585091917435
0.559796283191
0.58253219666
0.516928515319
0.508647672657
0.487853691013
0.567196560477
0.496903517862
0.516682277057
0.523009158389
0.562097217989
0.490434895787
0.482577342278
0.514407774499
0.511090110257
0.512354791529
0.560494533739
0.50210551101
0.570221230903
0.5715131235
0.553446314439
0.586234553343
0.581379450454
0.596621137381
0.548862615522
0.587567394968
0.544755008941
0.570899806559
0.496606070372
0.522950761337
0.52178018926
0.52866098948
0.499949714988
0.538174110772
0.49926905384
0.520425163891
0.516453797534
0.441401852445
0.412377266617
0.464293640005
0.507791211456
0.435683902607
0.439666482833
0.433077076104
0.487653080358
0.419684016976
0.409368325893
0.440165255841
0.426697909952
0.473339280515
0.568262681328
0.523022404481
0.514227632926
0.558404664623
0.532466126535
0.566269556212
0.571782241251
0.560260235032
0.50036941894
0.546037816478
0.493084811891
0.527390895594
0.563075684726
0.539006468861
0.55439597618
0.547048528134
0.522632620757
0.49761819417
0.533542712737
0.502921326597
0.536932839426
0.468985344817
0.504184521275
0.460766534545
0.541569108469
0.432430922674
0.491765308983
0.472875188466
0.51629558625
0.43458661026
0.443378981326
0.449060937192
0.51282243532
0.482180525307
0.575604116536
0.490660580899
0.558235693518
0.541030096446
0.553011185305
0.555374102251
0.571167003687
0.553487174999
0.541871370844
0.554760371221
0.53783883083
0.538142376315
0.581089188654
0.59397592373
0.533777545088
0.581987959004
0.513348892576
0.512586850559
0.493403719468
0.551198515319
0.602537481962
0.539480478091
0.487099859472
0.47549442047
0.535326418502
0.49431788373
0.477794808166
0.502365082729
0.504070370138
0.467508146217
0.466198469512
0.509420245945
0.481174105509
0.499623463158
0.542657332833
0.506984702169
0.522376500605
0.559498028664
0.523283216801
0.551790487116
0.556250157683
0.544483333347
0.521466315043
0.576164529341
0.518185878725
0.556843180208
0.489967640177
0.583052878928
0.502483328397
0.596033745884
0.471561140343
0.54207544594
0.455176805806
0.56082978698
0.552287852777
0.614275350044
0.437798287546
0.561188923495
0.494725905686
0.524498728166
0.455599420435
0.558145121644
0.473759636266
0.508563799326
0.384689290009
0.522893630644
0.41118471327
0.535434803491
0.488622817691
0.49652426676
0.452345918405
0.568544989078
0.485588545343
0.569793321248
0.517071898183
0.574711527199
0.464755807073
0.605178042273
0.475980083688
0.595140299254
0.422754830893
0.494725294409
0.434503947967
0.496033457401
0.440704514398
0.420257037668
0.418429071364
0.482056941898
0.474589439149
0.485609943053
0.529688596151
0.4189815697
0.474008161115
0.383963074234
0.424092108489
0.395319190877
0.436289134212
0.338706560482
0.361468231702
0.351913831261
0.381970641434
0.395132739691
0.468029162626
0.418092742394
0.422985597916
0.458501418209
0.456704089448
0.515398652646
0.509965903312
0.476458586127
0.368271664513
0.388886340958
0.4513059269
0.461352154401
0.456661888339
0.546253801321
0.405754461064
0.565402008331
0.413270840916
0.521601774022
0.35122308305
0.552569711001
0.459018736564
0.548326434103
0.51773927735
0.501599283059
0.341942227372
0.516704210194
0.3246135835
0.519353226145
0.437162562357
0.492200211338
0.290734757792
0.488648175794
0.331698084474
0.532273834538
0.442451448843
0.482981080309
0.413978588534
0.566012808546
0.41418057082
0.560118107338
0.414800404845
0.58713902108
0.363807911844
0.585671190359
0.440235848107
0.561331585698
0.479665600936
0.502021926571
0.47499915824
0.516886448096
0.415474369423
0.457759099734
0.458125443773
0.516940888424
0.498386790499
0.499313092832
0.477854176717
0.451462214359
0.434121065123
0.433575202513
0.510719073472
0.390969543099
0.488172145164
0.382011856596
0.406309704158
0.342977478612
0.446838089487
0.455293583843
0.495625003734
0.428836702842
0.453769832427
0.510905438984
0.490025176825
0.549547923349
0.487017952927
0.548789402048
0.423312551717
0.533491294077
0.483508653807
0.513740640613
0.442389490064
0.517589908537
0.430762277659
0.557637574176
0.437174324144
0.48970433179
0.415700831985
0.529125194039
0.439741053606
0.517114255677
0.499020492953
0.480706652333
0.372614435309
0.471720353361
0.488306866645
0.457197127596
0.353725580868
0.48548698374
0.326302014071
0.456752828973
0.409593374184
0.514756676278
0.471231818795
0.449602299127
0.424340020815
0.541818227313
0.409438799535
0.523249656773
0.488310058711
0.542409092642
0.427231604133
0.55452249223
0.430891780921
0.531492698579
0.461798190017
0.449096307197
0.465698778688
0.433920823807
0.433680253942
0.424717333344
0.420679429639
0.465912744772
0.476123711204
0.45981138965
0.476235612474
0.349842725463
0.431640556107
0.378384179245
0.476456485187
0.296599637665
0.361834560487
0.379125180323
0.46336012911
0.318613255813
0.411031983403
0.401363596577
0.491349268846
0.400568529589
0.389459407892
0.448779839427
0.450060569306
0.476754216704
0.469739241487
0.495566860032
0.404778938418
0.41202908184
0.463485596885
0.459937995574
0.509716309961
0.498602782945
0.475300264928
0.512213808595
0.468932136406
0.431571055972
0.470902582836
0.515690586596
0.493369991095
0.485237913146
0.520804824584
0.401369652025
0.432824216319
0.389486944918
0.51989247319
0.407625775369
0.417892802273
0.460496224648
0.506484584542
0.425309763577
0.407594403012
0.385701428401
0.494532816797
0.42735875064
0.466402646448
0.526585706944
0.462206640777
0.491064143738
0.50995366989
0.508332595418
0.474571895933
0.473290350711
0.486413639953
0.481678350514
0.48747965857
0.557309046998
0.47132720937
0.56122070697
0.518303139406
0.569862885745
0.471827163117
0.576478482492
0.498358806188
0.547485363004
0.50120939191
0.495674565802
0.406046829364
0.494468978159
0.493289966421
0.474845223066
0.427070029313
0.498294170004
0.46116784224
0.472373224229
0.416423199611
0.484622837362
0.428974788459
0.4958579382
0.522641185263
0.587050423026
0.505321609437
0.590491259451
0.522425492409
0.588560387027
0.478556292066
0.562880336003
0.451976719449
0.561718946983
0.553564949759
0.552316293417
0.562138186297
0.568181487949
0.562056027137
0.551842296743
0.54699952532
0.572985572824
0.56254122629
0.540940331084
0.572073355678
0.46681246151
0.48123461531
0.48128849534
0.569860056892
0.472087665033
0.505470772372
0.489505608952
0.551639010247
0.484158060046
0.474690078476
0.475583103974
0.520726521445
0.518268750731
0.591247524814
0.530244044834
0.553389212302
0.591696232303
0.587135005426
0.592577684308
0.540692298018
0.577684121365
0.534836761731
0.552456788184
0.549056326067
0.531075165168
0.580623854165
0.565455744863
0.567262741868
0.553972355438
0.576364697031
0.571563390592
0.561213316257
0.530167705115
0.562550023628
0.492103079288
0.535883949049
0.510196855753
0.55726762683
0.45663225511
0.573874711116
0.530862781632
0.525539746376
0.456877885704
0.517663185823
0.505710124518
0.522171752451
0.49573436077
0.585317187073
0.531255077631
0.587650591302
0.555797339099
0.628382729198
0.642441837658
0.580216596884
0.583643431542
0.566017258842
0.5772672056
0.549473431052
0.565044035524
0.590879102538
0.580532509046
0.580381561629
0.573937196487
0.561735357985
0.577787653061
0.563537176938
0.549342944579
0.57588750949
0.523401993247
0.517485094727
0.535966241033
0.587780600782
0.515997846549
0.549781667381
0.540160320906
0.554145491527
0.50930499616
0.514515334868
0.537395366029
0.529818823548
0.53652044965
0.591477585022
0.554623058489
0.591579635785
0.585032067279
0.632322161322
0.637772616704
0.593643205188
0.622580792006
0.566598117779
0.603763886635
0.563333220184
0.547370586015
0.574902415405
0.564676362703
0.540645769861
0.539172633039
0.560434695724
0.567074564
0.573125686596
0.544871682437
0.592785390727
0.504036933346
0.50604600511
0.503914281815
0.577061859424
0.485624544093
0.543716987677
0.514032050912
0.563644495969
0.490278488913
0.471964055318
0.499778520706
0.526436311867
0.52027541617
0.559170492898
0.516383770802
0.568389994693
0.570055200353
0.579663696936
0.589857508048
0.612007850365
0.602283978202
0.604652930386
0.59690548094
0.568800336979
0.558135955807
0.569872144145
0.567828896048
0.532878006255
0.525043822339
0.555442197807
0.578822080367
0.572469331636
0.546309782356
0.596420796516
0.522408638811
0.506856756068
0.521381850622
0.566164028893
0.512062541919
0.531110211468
0.538898718048
0.541805335368
0.49876016198
0.482787884183
0.511093657166
0.522910345264
0.527087144537
0.560468405261
0.498264231357
0.54713709401
0.557498951221
0.574175815744
0.568371198034
0.60170656232
0.598877035339
0.589247876728
0.615510322577
