0.6344593569
0.6050964304
0.484822681
0.479792267
0.56148671
0.5280535211
0.618028066
0.6339630392
0.5800476734
0.5667074386
0.6002286839
0.6090796962
0.5743020137
0.5720152685
0.5866923505
0.5916144948
0.5333517599
0.5301984578
0.5640866446
0.5755466619
0.5543016772
0.5626922002
0.5173142788
0.4934416825
0.5693223082
0.5661817715
0.4834374588
0.4691557562
0.4906662133
0.4636991936
0.5338517243
0.5132767385
0.5474316294
0.5294839092
0.6304254221
0.6191591514
0.5488684347
0.5468093938
0.6009195736
0.5749927512
0.6290015792
0.6206406201
0.6074433347
0.5832197494
0.6115790628
0.6121469107
0.5902683558
0.5922728133
0.5823204645
0.5976704562
0.5555325582
0.5415360461
0.5908263084
0.5881201485
0.570108464
0.5764912528
0.5504286151
0.5198158699
0.6054320556
0.6028963336
0.5491025069
0.5181266226
0.5418667609
0.5208683118
0.5793255124
0.5558062715
0.5607312245
0.5591602392
0.49793375
0.5096393303
0.5566234802
0.5657270714
0.5705620232
0.6044328126
0.4962130359
0.5063874195
0.5209872667
0.5403559213
0.5248105771
0.5413962967
0.4940319773
0.5256098636
0.4865636729
0.5213431102
0.4631015596
0.4762213114
0.575474444
0.5701364348
0.4378102726
0.4574686629
0.6204145892
0.5807076757
0.5779119994
0.5835890233
0.5699914955
0.5670604136
0.5329305449
0.5391261453
0.5951355943
0.5527259907
0.5046700608
0.5217956854
0.5713712187
0.5966995274
0.5962342472
0.6104512731
0.5988036451
0.5745076843
0.5366796584
0.5647898129
0.5647856342
0.5745597559
0.5832783287
0.6068962428
0.5577420275
0.5791858117
0.5453719391
0.5659025815
0.5173740555
0.5442683985
0.5793479012
0.5721818654
0.5120557025
0.5433827846
0.5939402532
0.5786214139
0.6178761995
0.6244079565
0.6140413238
0.5747462938
0.5602852151
0.5357085344
0.612283996
0.5914076034
0.5548124799
0.5659490266
0.6318683148
0.6144249759
0.6179454926
0.6201020065
0.4999272438
0.4995514118
0.5489194993
0.5111352923
0.6257142049
0.6044126762
0.5989402441
0.6077675476
0.6028061642
0.5786129109
0.5809871024
0.5867095604
0.5513821836
0.540203874
0.5530885319
0.5582441317
0.5721651672
0.5720039418
0.5129403843
0.4880366946
0.5514634878
0.5576324807
0.497942309
0.4754842471
0.4811474718
0.4693052218
0.5346582027
0.5074042043
0.5416300358
0.5258453348
0.5780328579
0.5943803781
0.6073525471
0.6195842743
0.5248320884
0.5294111861
0.5448594004
0.5383701124
0.6150894671
0.6423560466
0.6231432436
0.637331162
0.6367315921
0.6416602156
0.6077136245
0.6163841659
0.6048901209
0.608957476
0.5636293294
0.6032210783
0.5568010661
0.5656795629
0.4932347234
0.4845137136
0.5611894085
0.598465392
0.5056389144
0.5140769026
0.4880123118
0.494240214
0.5471993146
0.5366241338
0.5221422133
0.5535176077
0.6098244746
0.6053563264
0.605930731
0.6188951403
0.5665530703
0.5255432703
0.608565325
0.5675433301
0.6252791959
0.6003763584
0.6435535073
0.6229769154
0.6287350452
0.6356759838
0.6578189394
0.6253052466
0.6001548285
0.5814230212
0.6245410314
0.6076907991
0.606337141
0.6021013533
0.5484055017
0.5144910666
0.6241262966
0.5778311461
0.540151419
0.4806752733
0.5493466235
0.4987582922
0.5556327966
0.5142102134
0.5737364892
0.546623278
0.612410503
0.5892490027
0.5808000084
0.6075931726
0.5280564378
0.4956286317
0.5752489562
0.5466308279
0.6106302793
0.5890363584
0.6531798442
0.6458761009
0.6558912306
0.6580776196
0.6260296404
0.6257974783
0.6329768485
0.6285312034
0.5729229564
0.5863873549
0.6193998744
0.6035509285
0.5118484039
0.4940186223
0.6124786746
0.5983982883
0.4891798413
0.4633978537
0.5293347391
0.5061052569
0.5770787394
0.529976941
0.5936797366
0.5694791917
0.6060340983
0.5707577252
0.5965494202
0.5896603958
0.5265978944
0.4769155795
0.5702081147
0.530718808
0.5900846904
0.5977889863
0.6127244957
0.5877550098
0.6360714887
0.6378504901
0.5923386387
0.5937305839
0.5846248735
0.5792419891
0.6057723344
0.6139237829
0.5760327261
0.5793048559
0.5085261543
0.4689245243
0.5981094112
0.5681463298
0.4985644126
0.4695958251
0.4993914467
0.4826543335
0.5448445749
0.4890753738
0.5440633519
0.5180354209
0.5318195362
0.5634276821
0.5395998108
0.5624676263
0.4630601498
0.4395005165
0.5224385935
0.4961621307
0.5280971032
0.574295647
0.6051346238
0.6060577401
0.5837588894
0.5991625824
0.6457713
0.6189055086
0.5881824773
0.5988812677
0.5470414859
0.5678616777
0.5846081685
0.6134029834
0.4688563393
0.4104933718
0.5585007334
0.5770486975
0.4547483164
0.4059210104
0.4667233549
0.4368890747
0.5050194886
0.4702580919
0.5054889059
0.5008050456
0.5794988356
0.6031785567
0.6050426192
0.6144979986
0.5770533759
0.567115462
0.5642987289
0.5804977558
0.5501410902
0.5693028015
0.5983637769
0.6048151775
0.618336748
0.6512929278
0.5974682067
0.5951400864
0.611141902
0.6392231075
0.5783024667
0.5664096346
0.5531592307
0.5715578276
0.5567442088
0.5407015609
0.6201286983
0.6252439788
0.5602207606
0.5595932384
0.5213970587
0.5243303561
0.580526244
0.5498861673
0.5108032608
0.5296564598
0.5760498089
0.5653847097
0.5636164371
0.5703298234
0.4551701427
0.423538579
0.5245279923
0.5059015729
0.5907887882
0.5900951982
0.5653850072
0.5839072187
0.6233720167
0.5969716896
0.6092286646
0.5964700218
0.5927267102
0.5834612689
0.5891165747
0.5861872133
0.549150977
0.5378414341
0.4589774193
0.4520044311
0.5324905115
0.5328696868
0.4487762043
0.4039545633
0.4805662108
0.4408761337
0.4857715393
0.467513372
0.545249614
0.505924208
0.5144275633
0.5292680622
0.5278434842
0.5557550384
0.6091990818
0.6187665894
0.5693067646
0.5964104689
0.5009853833
0.5246034147
0.4990043192
0.5138125679
0.4989878933
0.5373221241
0.4945414427
0.5192420893
0.4697530712
0.5209962715
0.4372794081
0.4771170945
0.553192855
0.564847578
0.4588915181
0.4819815366
0.5690297646
0.598577536
0.5745364661
0.5599999005
0.4954477499
0.5285859988
0.5857236851
0.5862585134
0.4762369725
0.5107644618
0.6233148511
0.6224376398
0.6139459772
0.6110085375
0.6082731899
0.5863159662
0.6151802086
0.5995733935
0.5942479857
0.5956539648
0.6029149393
0.5830170988
0.5956974837
0.6172456127
0.619842655
0.6066396849
0.5965572717
0.6102684489
0.5994080432
0.5992959617
0.6107954688
0.6119286085
0.5352777959
0.5490588376
0.5935631863
0.5615403858
0.5470999197
0.5298826137
0.538550758
0.5449219785
0.5914379729
0.5671285635
0.559220097
0.5558295345
0.4664224288
0.5057307384
0.5484164067
0.5630799582
0.581484628
0.5955999217
0.5533705811
0.5902105496
0.4795375069
0.5143102432
0.4987037513
0.5135344039
0.488263099
0.539089775
0.4645609653
0.4919136442
0.4785508244
0.5229296758
0.427244756
0.4485016855
0.5519736803
0.5595620819
0.4119915466
0.4410906456
0.5670504931
0.5614759859
0.5318044647
0.5466076323
0.6108121227
0.6363165852
0.6429846792
0.622532287
0.5507646909
0.5718685433
0.5005441747
0.4927187469
0.565036499
0.5453549177
0.5462839575
0.5388795196
0.5400249588
0.5391442147
0.5131453519
0.4954934304
0.4990383661
0.4942455144
0.5347265525
0.5324854984
0.5260446805
0.5214469337
0.5073830341
0.4995606541
0.4374597374
0.4551207177
0.5180381023
0.5028841564
0.4501232577
0.4688967141
0.5174708625
0.4844658019
0.5423727236
0.514454313
0.625840341
0.60593108
0.5906518947
0.5797300202
0.6332862174
0.6358053526
0.5404258344
0.5460420319
0.565623798
0.5776040698
0.5805383215
0.5860123196
0.6045936347
0.6040873132
0.5388221107
0.5506906083
0.543060077
0.559912994
0.5364569561
0.5481926948
0.5513590274
0.5499191804
0.5138574037
0.5483704176
0.4802644598
0.4942519305
0.5345320392
0.5539998077
0.4636179119
0.4723960381
0.5649617589
0.5694327237
0.5709586159
0.5916832493
0.613450276
0.6221609064
0.5991928304
0.5969915239
0.5796999007
0.6032247487
0.5393771268
0.5561354934
0.5687989234
0.5672163033
0.5160134739
0.5189808152
0.5472563873
0.5408563522
0.5303211509
0.546216228
0.5499547702
0.5179844911
0.5512308061
0.5589214748
0.5675293504
0.5748017019
0.5200676846
0.528191371
0.5024065564
0.4907804422
0.52685133
0.5086097294
0.5087712384
0.524253083
0.5009261174
0.48397576
0.5404157563
0.5336716766
0.5608583498
0.5423196488
0.6151884923
0.6206953415
0.5926431763
0.5656194388
