0.572035982
0.4535516765
0.5588092093
0.3506998119
0.5754024495
0.4185637898
0.5216460492
0.4992722044
0.5592318735
0.4602365866
0.5562702109
0.4826173251
0.547284393
0.4552228318
0.5341247633
0.4608982242
0.4997695096
0.4347263716
0.575921642
0.413201806
0.479883675
0.4762065188
0.5439333358
0.4001614429
0.5744331413
0.4352611583
0.5509679647
0.3718128994
0.5092883821
0.3908781662
0.5710081453
0.4328243817
0.5073034473
0.4373491662
0.4782291332
0.5455451758
0.5636556518
0.4323229233
0.5518927956
0.4872860913
0.4692591626
0.5525827791
0.5520542953
0.5065069973
0.5180755852
0.5009583552
0.5192242741
0.4919266354
0.501340626
0.4992946735
0.4853336145
0.4924400193
0.5625839096
0.4710514513
0.4411450599
0.5096964066
0.5452737388
0.442074957
0.5678882706
0.5045316337
0.5889516503
0.425123175
0.5279970272
0.4420768355
0.5743970338
0.4801069744
0.5088537937
0.4823488581
0.3785367075
0.5422939252
0.4418443407
0.5537877115
0.4910703855
0.5317391519
0.3798822789
0.5558898538
0.4557526851
0.5148952834
0.3927464515
0.5292368383
0.3990002791
0.5101281919
0.3953789022
0.5124197858
0.3721956395
0.4924780828
0.4964552979
0.5127886927
0.3329424717
0.4957532325
0.5412845844
0.5279334931
0.4801721856
0.5543570938
0.5274840493
0.4882665737
0.4263896007
0.4983968889
0.4892887315
0.5227416528
0.4050627502
0.5106221139
0.455449639
0.5597362662
0.4948070583
0.5431269778
0.5451633674
0.4735038513
0.4481839135
0.5552350211
0.5098625102
0.5161213731
0.483629963
0.5462540284
0.4721528275
0.5215550989
0.4821662408
0.5090737188
0.4503050169
0.5164456242
0.5358820141
0.4826202059
0.4163195534
0.556781388
0.5614099957
0.491774498
0.54694767
0.5330321444
0.5959866078
0.4604039773
0.5059543083
0.4885473126
0.5618970783
0.5109047118
0.4942748537
0.5234197124
0.5374884038
0.5098062186
0.5642626991
0.4716391513
0.5558710732
0.374870895
0.5674460096
0.4324977452
0.5942474443
0.4746297143
0.5647812503
0.474081548
0.5639962968
0.4708476605
0.5380507203
0.4512542132
0.5197033713
0.4388604085
0.5737858166
0.4140980228
0.4885192433
0.4779336747
0.5345291747
0.3982252457
0.565112668
0.4329600938
0.5584904046
0.3837579053
0.5260513289
0.4006365618
0.5694156593
0.4246221112
0.5278535389
0.4450642733
0.4842349355
0.539771779
0.5200836147
0.5431348649
0.5319721041
0.4319940186
0.5203526902
0.4880896111
0.4927714277
0.5979091472
0.5456659903
0.5541522304
0.5510844263
0.5636196279
0.5290431071
0.5334889546
0.5341246237
0.5509598442
0.5542782036
0.5012848496
0.4508667673
0.5645634601
0.4966475793
0.4436574475
0.5403749388
0.5190776436
0.5462172425
0.4491629047
0.5036598622
0.4729589126
0.5539354247
0.5082988046
0.5105845723
0.519012279
0.511941983
0.5399588171
0.533649431
0.5080747293
0.5473934857
0.4112139797
0.574710231
0.4795767717
0.5014921253
0.546725813
0.595120507
0.5284484725
0.5613209735
0.5267909821
0.558169185
0.5284992055
0.5238815665
0.5279590244
0.5992116295
0.4808288685
0.4789831714
0.548287473
0.5322659322
0.418100049
0.5686721177
0.4599631865
0.5706553044
0.3962004252
0.5467133451
0.4535331748
0.5510207215
0.4547696989
0.5303832961
0.4997573532
0.5071396945
0.5279758917
0.5189464892
0.5059307453
0.5353100679
0.4086580142
0.5435533113
0.4642073207
0.4840741399
0.5556775959
0.5899607527
0.5464577835
0.5588066893
0.5511061165
0.5467838171
0.5227680095
0.5551129899
0.5634336615
0.5837557667
0.467773717
0.513780627
0.5644035531
0.5221443711
0.4368067606
0.5657458881
0.4951063068
0.5375392319
0.3935169825
0.5262277081
0.4645998098
0.5524472626
0.4671836433
0.5352120648
0.5213863392
0.5004241759
0.5075182416
0.5259735776
0.4828019675
0.5127894624
0.379778595
0.5338376569
0.4637203577
0.479707266
0.5341265514
0.5636110132
0.5119063744
0.5524884657
0.53124494
0.5367967751
0.521035216
0.5168120824
0.5262794366
0.5828996578
0.469472948
0.4617296082
0.5423815782
0.5060728064
0.4109190965
0.5492394367
0.4746097473
0.5328873813
0.3814121181
0.4899034118
0.4410576954
0.5251887481
0.4572018988
0.4953212571
0.482819581
0.4738075196
0.4924713363
0.5001595964
0.4682502141
0.5051882146
0.3611191174
0.5430199872
0.4315101018
0.4604381955
0.5082756183
0.5813810868
0.5083822868
0.5416253836
0.4954297863
0.5868110333
0.5273649096
0.5612262906
0.4853620774
0.5717442873
0.4433955258
0.5082458276
0.5262260121
0.4806827396
0.399951059
0.5540595468
0.4581012194
0.4884973106
0.3591193724
0.4488550015
0.4000137435
0.5191331676
0.4384154293
0.4985392789
0.4674044825
0.4341681869
0.5528320752
0.4767967557
0.5485942447
0.5337319142
0.4765189111
0.4987438051
0.5073289762
0.4222284768
0.5582437849
0.5059395965
0.5584596539
0.4814870344
0.5807947548
0.4782415628
0.5453896463
0.4833103108
0.5620964369
0.4543672079
0.5549024477
0.4099353106
0.5660867086
0.507868123
0.4710733046
0.5076141558
0.5355296163
0.5287148021
0.4736831667
0.4447511452
0.4923900319
0.511450309
0.5146294719
0.4428652813
0.5069100486
0.5449814192
0.4557729604
0.5620829248
0.434299764
0.5162861574
0.3483960628
0.5630829703
0.418172425
0.5116835113
0.475833481
0.5765602755
0.4338733736
0.5725806454
0.4612991368
0.578927937
0.4815671804
0.5748008398
0.4547027051
0.5638531739
0.4984398765
0.6073890103
0.4085528505
0.5027866154
0.376039476
0.5548337417
0.4110531101
0.534740197
0.3386484911
0.5387681131
0.3837639655
0.5478023465
0.3903789581
0.5469654356
0.4225682225
0.3994387151
0.5504338842
0.4461309798
0.5348932925
0.5424168063
0.5149493734
0.5039142779
0.5274808206
0.4076259775
0.539227631
0.4447901641
0.4889843032
0.4126020972
0.5078792312
0.4327517606
0.503458129
0.4187228553
0.4887168251
0.3898613255
0.4687317014
0.4929904107
0.4891839972
0.372904236
0.482638282
0.4847823856
0.5346957931
0.5302568906
0.4896783258
0.4288381998
0.487302295
0.5105823534
0.5266694932
0.4124857042
0.4939747124
0.4558870865
0.5510678359
0.514501703
0.550560722
0.5808047974
0.4679233876
0.5612507867
0.509011286
0.4629409671
0.5553166197
0.5392642024
0.5336861179
0.4824323638
0.5320238557
0.5135964242
0.5349982321
0.4998198438
0.5195357779
0.4797251451
0.5201161699
0.5646031485
0.4999158707
0.4244427863
0.5362226715
0.5687585936
0.4914541899
0.5702095865
0.4582786596
0.4941161823
0.5043804157
0.5676079567
0.5191915676
0.4698781359
0.5119039883
0.3775654882
0.5132773501
0.4406725851
0.5823654725
0.5096312353
0.5046538847
0.4869303891
0.5484048821
0.387542332
0.5466112914
0.4595602405
0.5284587302
0.406913059
0.5372235214
0.4103861119
0.5004631533
0.4189568437
0.5007026246
0.3695432465
0.4598868874
0.4923457348
0.5098673774
0.3388248266
0.5075540021
0.5149105049
0.5059185046
0.4673758544
0.5263079682
0.4808137914
0.5689922385
0.5242919693
0.570797955
0.4419231046
0.5465766306
0.4231334926
0.4740945629
0.4574788632
0.5066417386
0.5166850228
0.4013745217
0.4993948879
0.4825380221
0.4179957379
0.4944432745
0.5002112554
0.4825239535
0.4743540721
0.5060672207
0.4737550054
0.4901002383
0.4759330428
0.4583180922
0.3974653073
0.4360017448
0.5142241444
0.430253977
0.3926190236
0.4942059288
0.4993552565
0.4193844486
0.5177867699
0.4623346691
0.5964685761
0.4724613627
0.5490466401
0.4961805173
0.5173933499
0.5652232628
0.4459580309
0.5554758721
0.4971191642
0.5612568479
0.5519213753
0.472327548
0.5424700867
0.5242393789
0.4359428383
0.5585687278
0.512445763
0.5244783759
0.457448996
0.5137029662
0.4729936103
0.5224377266
0.4650512039
0.5035662925
0.454306165
0.4997447652
0.5337100682
0.4864141141
0.3896049792
0.5201080441
0.5467069755
0.5064350524
0.544874516
0.544069232
0.6068991912
0.5074755333
0.5335368814
0.523294769
0.507752975
0.5640953992
0.4340403254
0.4810034202
0.5018394793
0.4804319331
0.5043589024
0.3974470855
0.519821005
0.4773577399
0.4606069673
0.4994809751
0.5275671759
0.4887338205
0.5110646595
0.4993053108
0.5156751461
0.5011794381
0.4927879933
0.4738329026
0.4752423947
0.4853373389
0.518830417
0.426439065
0.4204586607
0.5146318332
0.4021343358
0.5098640474
0.4530593062
0.5644890738
0.4232181509
0.5916265014
0.4904630986
0.5694602525
0.4950921786

