0.627926826553
0.627416806102
0.540495278986
0.526203005352
0.592362747199
0.58487496402
0.639494432605
0.642785709861
0.576026284287
0.582006501699
0.606065644569
0.623667546862
0.560444169598
0.608883571863
0.581311303258
0.592783858621
0.53742915102
0.570853213122
0.549858182303
0.582867167376
0.563814622496
0.586931023342
0.536864270954
0.525186414371
0.5975994745
0.597417841296
0.527654981967
0.518518024879
0.525163384149
0.52728282343
0.581214941297
0.587413565949
0.539125355435
0.56178886473
0.644926574271
0.639098496048
0.576490062341
0.558417468006
0.593394893316
0.588179706391
0.625691947804
0.619940198325
0.609032222553
0.60922654163
0.592771746828
0.610219402066
0.545944937974
0.594208369615
0.566750358495
0.588925604179
0.539748305469
0.573015892327
0.57818764577
0.610001479898
0.549258847146
0.567677729295
0.54083303589
0.545553829031
0.622012689655
0.624612279031
0.570185960705
0.576073733201
0.548505810484
0.578915597578
0.602512330722
0.613864684154
0.550499402796
0.565694069618
0.533623829401
0.53618416384
0.575340155729
0.572344020122
0.559118153597
0.573226270398
0.533961364548
0.522292373081
0.549619588199
0.559237246195
0.497039717638
0.537078518491
0.48671014655
0.522599532859
0.491840063814
0.519203973185
0.476822834331
0.489717150289
0.513785226565
0.577384162356
0.452925991702
0.45058694645
0.598513606887
0.598218557912
0.597836086444
0.606423837973
0.581296739933
0.583475669112
0.5050961138
0.537734049613
0.583706239076
0.586917785756
0.481372482463
0.504802884424
0.609353876305
0.583979436078
0.597496401232
0.589812474962
0.569250043681
0.562633317069
0.582066686779
0.566233546492
0.578889381806
0.572107866022
0.570866954531
0.595878906791
0.531212007927
0.58048330796
0.536672952925
0.573827423593
0.513289471886
0.560231004295
0.535663303272
0.564232648454
0.538891024873
0.549482837413
0.568551850911
0.554213655678
0.616125767574
0.621059406811
0.584864298996
0.576562868483
0.551606403345
0.571465087483
0.587114414392
0.593558303201
0.545849484622
0.567961104632
0.647341745969
0.633761488405
0.615235888652
0.616443672378
0.520580120837
0.521562745769
0.574510963417
0.567462856463
0.618437151865
0.629782827232
0.603897884164
0.629498194536
0.567076077545
0.618330555549
0.562684206949
0.594294183529
0.538299979818
0.580598082246
0.530739446726
0.588486113077
0.565041926374
0.595186838413
0.519169308252
0.518280535956
0.566455589815
0.584085947456
0.520433037173
0.520429574118
0.530757366313
0.534986261868
0.562133512802
0.575507639023
0.553184001616
0.563821790868
0.595582185761
0.575300763741
0.616795446761
0.606251905537
0.546882515971
0.540316466754
0.57465905926
0.558361033074
0.638103055036
0.616959878912
0.612119763007
0.635149629046
0.591399816692
0.636620673966
0.593635944181
0.610965474498
0.581220367086
0.603200196442
0.598761605239
0.605858344004
0.550911515668
0.565436766444
0.505677209228
0.509869414464
0.591201411819
0.579962743838
0.547126087345
0.550751574507
0.531639783911
0.541631534494
0.581048965084
0.576162452199
0.549404521168
0.555565918958
0.643441456529
0.598610257803
0.617633330411
0.593881633148
0.545087669538
0.492367584604
0.598140857126
0.572484686262
0.643813133737
0.595172067024
0.643356304613
0.594476186122
0.619221518492
0.643721948958
0.631443942441
0.632033720663
0.597043281588
0.601578595086
0.604149591937
0.600483048548
0.613120031072
0.612986107406
0.525302459774
0.489912146117
0.603465769947
0.577831890648
0.541160608513
0.553202454888
0.571502536983
0.57125057216
0.578757239859
0.562610329465
0.574791246105
0.577796081351
0.625815721905
0.547665834376
0.59450962004
0.534177592283
0.521265770621
0.466911981961
0.575519067197
0.523721272302
0.628273598255
0.561196101652
0.647137891416
0.580236280492
0.643497268926
0.610195705997
0.619063069076
0.58327702586
0.650838625149
0.61529655512
0.575979915936
0.539537984038
0.6312850969
0.596507196027
0.517459163139
0.467410710921
0.604501912282
0.551137663174
0.500844407046
0.492542767831
0.552084095624
0.536602185975
0.580677672938
0.534690261392
0.582118288852
0.535444624601
0.613081587322
0.567153834012
0.589270011126
0.553781923159
0.513986200151
0.467353466543
0.57652417077
0.534087527646
0.605881011173
0.547177873464
0.613308139953
0.578463163144
0.638099188305
0.619800782898
0.595702553707
0.619287549271
0.580757682065
0.607521953179
0.601214639373
0.587390763126
0.583693323075
0.590030931035
0.507444574975
0.463386528217
0.601052669825
0.55167312184
0.531975718676
0.519546998649
0.538223297512
0.529453332484
0.570895595466
0.541999435238
0.548909178242
0.544188287155
0.582876972107
0.533674378374
0.569260368875
0.523056746314
0.496157498706
0.452312796476
0.559137611133
0.504725779962
0.581856314385
0.534597120904
0.607797517687
0.562428605333
0.617237622257
0.564020118454
0.62298905817
0.635351746905
0.613628949773
0.569971276519
0.55916225364
0.528691384722
0.61612862002
0.594006520764
0.504452391934
0.447013369056
0.583776355246
0.547071178456
0.476242951702
0.463658654059
0.509317499131
0.491961788582
0.559795342774
0.500736860783
0.538320730358
0.503124111526
0.603230507342
0.554796082824
0.621232600948
0.570106333009
0.567647465863
0.500175460227
0.567036883445
0.537834299349
0.589977387688
0.528752244556
0.62085138721
0.594336229415
0.610622789031
0.599634094124
0.557211763132
0.577778479402
0.594715320473
0.610158104787
0.557234158242
0.562695532038
0.535519409884
0.524818211097
0.543762687322
0.489549176254
0.622128328635
0.580599788788
0.570956848232
0.555110901907
0.513372931766
0.516322819801
0.573080706441
0.549323598476
0.50810797595
0.507421298207
0.597142286084
0.55900453519
0.575208864834
0.541216528584
0.455507897964
0.446770912209
0.550458765855
0.534788077735
0.596890882627
0.555165378412
0.573139796225
0.530739701932
0.606907924697
0.595023437278
0.606151873438
0.620604558529
0.584043800147
0.580163887962
0.605405007691
0.60553094093
0.527023619772
0.529799803447
0.461804951027
0.450729750733
0.553068697793
0.535557240856
0.435545028282
0.458285163187
0.517405269083
0.530957512896
0.523175253354
0.527928971878
0.554328206653
0.541057993816
0.536110104961
0.530636116651
0.537767957525
0.534654307647
0.598676082437
0.585991131031
0.56150412004
0.56044519753
0.524330373533
0.513003872203
0.520715918219
0.509045593146
0.472194992325
0.515628721915
0.476973480389
0.515430272342
0.490479952098
0.503800822173
0.466316078376
0.498350545448
0.519378523793
0.548971792179
0.463301641283
0.456232369996
0.577103185101
0.578847243762
0.567577510746
0.557007478012
0.491024412881
0.512901521945
0.569787193404
0.57141323898
0.460257312724
0.486529257792
0.627450128557
0.601274389435
0.630378480294
0.61929275962
0.607370684757
0.582063589845
0.619188509042
0.609899092514
0.60582806314
0.577554865056
0.597960958599
0.595853275849
0.577203965438
0.601841284698
0.560660294761
0.609932690577
0.564707797123
0.60367906394
0.564019459655
0.590554964354
0.570704313242
0.621444656955
0.549594820168
0.547494877572
0.585322204344
0.572838774691
0.575750304419
0.572654113947
0.552193419067
0.571799920056
0.60945532709
0.618104833624
0.538776004183
0.549492133469
0.527578424278
0.524282811363
0.583238681344
0.5735571249
0.578357148995
0.579281589385
0.578267521022
0.569993554431
0.536106047208
0.523542401681
0.571111550999
0.571367019753
0.5501212787
0.546231713226
0.497100773218
0.515120223364
0.520863837136
0.539894409759
0.47133938378
0.488016119856
0.550574273427
0.579937333573
0.47071483662
0.4490521985
0.563603678426
0.552349910256
0.57454866706
0.57977292182
0.583269180572
0.603467102102
0.621150983764
0.625206969121
0.534468286006
0.5588815715
0.544965511273
0.522023560182
0.577642547082
0.536549787272
0.533358770155
0.507405738285
0.562584345533
0.549168285568
0.551028403724
0.531226292726
0.555540460313
0.528770465512
0.569373319657
0.564441830692
0.551872204395
0.553265022413
0.526131816134
0.547979959306
0.497791443308
0.512473068338
0.510954620608
0.532983464816
0.53440987612
0.513080650365
0.530061506276
0.492153505033
0.563342783343
0.542476496426
0.594680939748
0.58468039711
0.637183598479
0.607730006639
0.625742420975
0.600084197767
0.592167294476
0.573550018414
0.610689372432
0.591379359603
0.574865334979
0.560110566154
0.593659660361
0.586090897872
0.574872385742
0.570010230439
0.585542783033
0.573502349889
0.564979582419
0.578164426392
0.544449846517
0.578830022898
0.539949737406
0.574893115594
0.518723903305
0.546079971721
0.532359490657
0.562756460112
0.538539320281
0.527417138274
0.565313307978
0.55401981757
0.613483250223
0.592806804569
0.619760395692
0.612558100831
0.596462560769
0.625284419683
0.588375335546
0.59705122498
0.560918753989
0.532972957292
0.556871995839
0.535410706056
0.497459066585
0.469127978023
0.565515124913
0.538796616407
0.562466581233
0.558793175357
0.565752052654
0.544746849341
0.558285464912
0.572584795301
0.546294945274
0.586239902882
0.541069202933
0.553086057721
0.51378933679
0.53229322732
0.496456052745
0.498614521653
0.544376609123
0.567977319529
0.48856989684
0.462543287255
0.543749021733
0.525037088662
0.52189883491
0.532236548703
0.594216118463
0.628780092202
0.604751872305
0.585937465204
