0.665602691797
0.619369662878
0.632659686928
0.66394023128
0.613688722045
0.667356780693
0.646327730892
0.637633754324
0.616663554789
0.62693152131
0.650184923689
0.617910409851
0.640798831125
0.61252171707
0.635888637609
0.648078993695
0.640513278016
0.671744015088
0.635313604703
0.63770966771
0.653666030234
0.641609976469
0.663993356133
0.64833748569
0.639453678609
0.639230328392
0.64832011779
0.641620084622
0.630837307816
0.663775638871
0.639621287839
0.661331555415
0.653581612059
0.647466516996
0.632012844851
0.637821303892
0.640532953439
0.6282220481
0.605568744659
0.644764451774
0.627037422433
0.608127837888
0.598978822549
0.632086539447
0.609288151305
0.651739276443
0.662501704488
0.642603297551
0.654510346004
0.641783286022
0.63525718659
0.648362676901
0.642703630659
0.640469427948
0.623590693532
0.604128942465
0.649703756045
0.620470300066
0.618620901259
0.610445494828
0.624615919812
0.628986930805
0.637314569099
0.661275977548
0.645391679714
0.636273042215
0.641454634049
0.647733596578
0.670800255975
0.658197968384
0.619394401425
0.621420346848
0.681939526878
0.654930884661
0.650091311738
0.626297951449
0.617078285815
0.629441823947
0.63669605276
0.622244121531
0.638555746472
0.610748608925
0.635894475902
0.646765292217
0.647122350763
0.622992955875
0.642141024307
0.60040768397
0.610542955091
0.680114328352
0.66099998626
0.659446006396
0.642577297734
0.633948131904
0.636635916604
0.63323369621
0.599349212933
0.622880661565
0.608938145128
0.634092453308
0.63389956044
0.648281042686
0.679623554031
0.675922280069
0.642438481483
0.651617032696
0.657082452137
0.665389348021
0.69186243957
0.682318509706
0.656853168348
0.686374174135
0.675396218626
0.629524438569
0.659804695333
0.650578893732
0.667947409294
0.658279518678
0.663796152046
0.658308283416
0.657030466753
0.622320361556
0.634354716069
0.654769174298
0.668980025938
0.69964023346
0.67315949202
0.688367475591
0.658908308083
0.678770764985
0.62377645964
0.668452475357
0.611504697129
0.665047907381
0.656104246239
0.671123107313
0.643380926842
0.638570294141
0.599247356246
0.62492450512
0.630954841158
0.64055776747
0.679977335531
0.665121259757
0.653848036871
0.670035275453
0.649146913426
0.602548491755
0.647647609234
0.639912674467
0.641194365469
0.64512863879
0.652858395684
0.623865486953
0.632883237695
0.599134031259
0.608260388461
0.615076023162
0.640344477457
0.652607228814
0.681718085088
0.648708780706
0.636058229823
0.65956986845
0.594954310311
0.640243033614
0.580862869082
0.627751206482
0.631053147561
0.628513914653
0.629343768114
0.640712460476
0.615611920972
0.61553148686
0.625442282037
0.629712840804
0.683721185441
0.6380561519
0.676824483231
0.62811971601
0.662859134111
0.609850908539
0.643004857509
0.639676661737
0.640738498049
0.635462284357
0.64243669245
0.655220522058
0.644939315007
0.598936554139
0.624857021062
0.636071932084
0.628238875977
0.663851047528
0.665274134786
0.652829978576
0.653902629151
0.669049443612
0.603634344835
0.644391454703
0.606320222699
0.638628705662
0.64299940643
0.634488041746
0.623460593681
0.635532773226
0.651873468256
0.641938037471
0.625636612081
0.603138762607
0.634171091296
0.617055009667
0.61269195074
0.601086641447
0.622051115975
0.61410271248
0.66362936833
0.645052084493
0.639974755517
0.633952447921
0.628234948934
0.658072860889
0.667796798436
0.661958596012
0.670805362407
0.649741371144
0.638685814088
0.665908486224
0.677513479737
0.653769576533
0.651841547868
0.655527211882
0.659164365883
0.670884678532
0.653544897667
0.667938566302
0.67653898904
0.66315772358
0.614164121001
0.63819752764
0.633232712305
0.646034064087
0.6116335021
0.608430093665
0.648063524184
0.605552509275
0.636934644038
0.577413358263
0.64382512263
0.602758909301
0.636270002432
0.641530768635
0.693244187615
0.666037298105
0.642640493192
0.645943234166
0.664968796802
0.647069730867
0.638472605441
0.637183324765
0.633085428956
0.667866431351
0.654284404337
0.644127232935
0.629955488153
0.644439898395
0.638212210324
0.64022939416
0.662181475875
0.692261066868
0.699419018769
0.687122186075
0.646117576141
0.652297232764
0.628817684108
0.644905496441
0.639544599944
0.63768430015
0.653721087532
0.644647023032
0.644168227875
0.625994882095
0.636608440611
0.643322459807
0.626924413432
0.65884138375
0.662739487834
0.692727631049
0.69105414047
0.650378046075
0.655232357986
0.625567460963
0.64560084751
0.646753652011
0.653243970155
0.66527879534
0.666404791626
0.655634076177
0.637989333792
0.646103439096
0.638509973413
0.624330539188
0.653561128417
0.642867077862
0.686081867638
0.694781971196
