0.6408429639
0.526462021
0.5796047444
0.6463530042
0.5846721327
0.6250336672
0.6063175141
0.6042776836
0.5677603311
0.5823520573
0.5931424237
0.5288456866
0.6014044934
0.4869999937
0.5011381375
0.5409976735
0.5560248129
0.6436126986
0.5752958875
0.6026427605
0.6303919637
0.6075766505
0.6173070275
0.6120281961
0.5885015358
0.573455743
0.6067579509
0.5758661247
0.5534558251
0.6273655031
0.5567696731
0.5556588931
0.5907005946
0.5735188898
0.534415465
0.5791338913
0.6104851784
0.5126195708
0.5324607016
0.5345182182
0.5274646762
0.5155307794
0.4789108535
0.5842289522
0.4563849056
0.6305368743
0.6134191101
0.5964762735
0.556609079
0.6177933614
0.5294243875
0.6071462202
0.6144168507
0.6071439489
0.5628031277
0.5754126725
0.5937549253
0.5819992949
0.5719385587
0.5380065833
0.5789829344
0.5448376104
0.5963373531
0.6413128593
0.5982190639
0.5720774641
0.6139711677
0.5690828482
0.6356060249
0.6293084432
0.5112185327
0.5462121891
0.6447160703
0.6275488658
0.604531255
0.5964618284
0.5823537214
0.5690486907
0.6054309729
0.505638732
0.5839048829
0.4939861711
0.4892993526
0.5273221439
0.542702125
0.5967770744
0.6153472312
0.5264343713
0.5538952656
0.6573912324
0.6495671987
0.6323621255
0.6143067353
0.6043718917
0.6002317018
0.602167554
0.4907428879
0.5904567333
0.4865025383
0.495430985
0.5340521696
0.5435805069
0.6298560329
0.6363367165
0.5497923346
0.5958479959
0.6303328144
0.6486196269
0.6574377492
0.6471140194
0.6167882075
0.6148092405
0.6509874083
0.5290682372
0.6094363264
0.5245198267
0.5524539793
0.5451063807
0.5818240344
0.6358852067
0.6312349451
0.5456637202
0.5972431341
0.6386954311
0.655447663
0.6635004239
0.6405803941
0.6683154153
0.6092678122
0.6561206105
0.5287915879
0.6266794822
0.4986110973
0.5639128935
0.5730009335
0.5963180128
0.6222860739
0.5996522281
0.5153507105
0.5775515149
0.6130033289
0.6082355548
0.6457134163
0.6117859705
0.6165310266
0.6208509011
0.6103676994
0.5034435437
0.6008369071
0.498836714
0.5180254118
0.5444689897
0.5525958388
0.5631538384
0.5811977431
0.4772550552
0.5261351737
0.5927192621
0.6040892759
0.6305683487
0.6507914195
0.6282458576
0.5851717971
0.618340716
0.465956638
0.607359852
0.4590223217
0.4863226528
0.4975949462
0.5358681475
0.6030564888
0.6281896539
0.5749384083
0.5898424699
0.5777650552
0.6102312076
0.6320437015
0.5992614857
0.6327969971
0.5898775993
0.5561445115
0.5504017074
0.6278415953
0.563829861
0.5340849523
0.5831507169
0.5365916003
0.5867700663
0.5885654666
0.4601409965
0.5438163792
0.6075379274
0.5922986473
0.6391051898
0.635828433
0.5886803927
0.62590274
0.5540360813
0.474315959
0.5780383422
0.4258093451
0.4963544316
0.4758984537
0.5368639164
0.5432877468
0.555439
0.6361287878
0.5928413991
0.5145187596
0.5003588121
0.5110183187
0.5250102809
0.4975212604
0.475254022
0.5680643366
0.4718398023
0.5905202758
0.5705890665
0.5337864744
0.5986215527
0.5038211813
0.637892335
0.644998833
0.6144123175
0.6308648123
0.6088824991
0.6056659785
0.6213278974
0.6373435159
0.6124379663
0.6164238384
0.6338002402
0.5906108217
0.6009411543
0.5519134665
0.5681434609
0.59955646
0.5714751186
0.498742961
0.5711007332
0.6023648856
0.5979625289
0.5174760045
0.4974901892
0.52097974
0.4941203077
0.5005309089
0.4445671988
0.5618065765
0.4272549819
0.5901637367
0.5597138957
0.6173124922
0.6541125503
0.5537486441
0.5145243223
0.5775096587
0.5586837402
0.5608576829
0.5333579239
0.5086058546
0.5600928366
0.557861505
0.5245927056
0.4637677376
0.5330085423
0.4882502823
0.5326481404
0.5595797646
0.6288649274
0.6241267689
0.6512935836
0.5524590343
0.5986578426
0.6154563146
0.6116772646
0.5440135848
0.5434764503
0.5546099068
0.5623599082
0.5366433947
0.5052034906
0.5730881551
0.4766776097
0.59065173
0.6170040817
0.6534761957
0.6361306545
0.6020562815
0.5637641038
0.5901062647
0.5338672053
0.5547542821
0.5641486595
0.5550176399
0.5804040758
0.5836185006
0.5451895625
0.5198478766
0.5336351316
0.5381907723
0.5137569869
0.5593688426
0.5535050473
0.6375104402
0.5946673382
