0.6149397301
0.4882020506
0.5664111066
0.6353823429
0.5679687597
0.6053515419
0.5695773588
0.5774584915
0.5487720309
0.5515956857
0.5860416251
0.5198141885
0.5804252022
0.4885019313
0.5167719862
0.5613643191
0.5569633998
0.630797891
0.5533024129
0.5878373228
0.6179523197
0.6088796917
0.605310576
0.5783746425
0.5727513154
0.5644865997
0.5924496628
0.5588742468
0.5364620926
0.6144721427
0.5677209873
0.5691920474
0.6030317699
0.5720027456
0.5132705122
0.5633004509
0.5592055204
0.5153610647
0.5457552721
0.5064354321
0.5104290648
0.5007794305
0.4760121882
0.564820188
0.4406607871
0.5866940694
0.5945731797
0.5834951483
0.5084294315
0.5742162424
0.4766217496
0.5808680153
0.5959887757
0.5550616332
0.5512124749
0.582027818
0.5830036362
0.5662885538
0.5623666749
0.5406844567
0.571038887
0.5375601936
0.563022435
0.6100130512
0.5880357982
0.5549167342
0.5872774564
0.5488341119
0.6253157662
0.6131437597
0.5073849895
0.5419657719
0.6073216196
0.5967922335
0.5941943095
0.5683138644
0.5579886516
0.550043802
0.5671753408
0.5153515475
0.5658001279
0.5013465513
0.5210321972
0.5483466812
0.5450191476
0.5789723498
0.606069771
0.5412137437
0.5616415987
0.6100164086
0.6309744747
0.6341091643
0.6024168572
0.6067850659
0.5881164115
0.5720498959
0.5042386061
0.5919103698
0.5542536458
0.5144750664
0.5847245768
0.5601490214
0.6078120833
0.610327869
0.5130406901
0.585482603
0.6018295725
0.6337914238
0.6455218505
0.633581897
0.6077046207
0.6058673034
0.6047190874
0.5062930678
0.5855236415
0.5321892126
0.5610886452
0.5720263182
0.5807859476
0.5661469902
0.5666129189
0.5031120416
0.5508983748
0.5862328162
0.6283138038
0.6354142675
0.6203116216
0.6445388885
0.5647244354
0.6237270572
0.5118879115
0.589536725
0.5031058135
0.5595958093
0.5649991292
0.5722482465
0.5884790977
0.5761786075
0.4950221871
0.5510269088
0.5744720974
0.6061939807
0.631840005
0.6174613982
0.6129146734
0.6060835308
0.5803216078
0.5028120657
0.5810150763
0.516160934
0.5260086078
0.5544766831
0.5317622869
0.5542044819
0.5626206292
0.4703846423
0.5334138749
0.5560926151
0.6086508512
0.6051063266
0.6395099671
0.6018769996
0.5673972207
0.6111413676
0.4791082338
0.5607066949
0.4659343902
0.5009914136
0.5252034574
0.5384580081
0.5596552861
0.5867942309
0.5554574101
0.564238109
0.5508948165
0.5944587427
0.6041534754
0.5723725125
0.6047949505
0.5592369732
0.5426673169
0.5340943316
0.6131314532
0.5634584458
0.5228397505
0.5662551489
0.5020851482
0.5719531812
0.550995402
0.4332396479
0.5289112637
0.5759874885
0.562202423
0.6091474131
0.618032977
0.5812959421
0.5966968766
0.5412743732
0.4518220337
0.5323689029
0.4510337301
0.5146032956
0.5268424316
0.5545746666
0.5337127229
0.5461430183
0.5975571399
0.5685359055
0.5165470262
0.5220538444
0.5057643051
0.5232298237
0.508974893
0.4917177412
0.5543975416
0.4689135732
0.5887753296
0.5718930883
0.5005283847
0.5686515776
0.4590991961
0.6029512826
0.6225677691
0.5957206951
0.6144514425
0.5867855133
0.6040486789
0.5930859801
0.6008667522
0.5941172841
0.589934683
0.6206216214
0.5556106951
0.5864437606
0.5753852163
0.5615407858
0.6151765206
0.5315061219
0.5124521053
0.5682406188
0.5786426518
0.5784041748
0.5301528782
0.5622900174
0.5499619748
0.5119908184
0.5359941852
0.4824530205
0.5686435486
0.4636962192
0.5620787113
0.5764822952
0.6157028966
0.6259925364
0.5521477179
0.5000121804
0.5551021284
0.5177967046
0.5378846236
0.5219375815
0.5285823706
0.5387580582
0.5440255707
0.5193037603
0.478694751
0.515629498
0.5050893629
0.495617692
0.529318774
0.5972741512
0.6012071565
0.6151694871
0.5606767713
0.6011545841
0.5630734802
0.5848407388
0.5579925961
0.5760222089
0.5674791417
0.5617364849
0.5622532837
0.5390796861
0.5643503174
0.5356939236
0.5630244227
0.5985304271
0.6120571047
0.6181978287
0.5972204059
0.5336247742
0.5511948019
0.4770678647
0.5305495761
0.529570132
0.5396484668
0.5528022567
0.5565807906
0.5272092511
0.5139068594
0.4903816954
0.5370846688
0.4666201541
0.5212755709
0.5442770666
0.5981196698
0.5827787401
