0.5967480357
0.4772319638
0.5412447499
0.607696954
0.5543317886
0.5852881526
0.5625985831
0.5603415744
0.5102951206
0.5571426227
0.548830975
0.4809758924
0.5499116805
0.472150307
0.4787341147
0.5194306147
0.5195298327
0.6099530197
0.5477008107
0.5826904497
0.6089002692
0.5822465248
0.6021517811
0.5600784123
0.5689978853
0.5449451043
0.5896413448
0.5524308507
0.5230456187
0.5983324569
0.5350643931
0.5223193771
0.5663832853
0.5577400654
0.4869087916
0.5553185471
0.5721282589
0.5019359501
0.5546339228
0.5417540888
0.5124009317
0.5021862469
0.468599833
0.5577416171
0.4581966393
0.5920581363
0.5809833304
0.5594281357
0.5125242453
0.5714104316
0.5151669814
0.5720359009
0.5991426428
0.5701454545
0.5443656986
0.575399473
0.5852950027
0.546351339
0.5562685354
0.5313201659
0.5813702957
0.5177948562
0.5824230587
0.617420988
0.573327321
0.5597069336
0.5977665675
0.5557065958
0.6046480558
0.5924735067
0.5024507278
0.5180800698
0.5779632212
0.5927737579
0.5601389342
0.5431334125
0.5260827201
0.5443094383
0.5592641604
0.4855799223
0.5292903064
0.4760162222
0.4618333603
0.5064906074
0.5289192775
0.5573102485
0.5907355954
0.5362862042
0.5508099689
0.6036277254
0.6170109393
0.6122310244
0.5993104697
0.5784379895
0.6154874273
0.5507257515
0.4970318987
0.575350634
0.5160273352
0.5050261859
0.5520536171
0.5502876691
0.5938666202
0.5780986897
0.5250633151
0.5668187591
0.5851370875
0.5979016024
0.6175045714
0.6110101798
0.5758197228
0.5996849262
0.5828502657
0.5051062427
0.5627389062
0.4952898919
0.5165785833
0.5213436294
0.5614217784
0.5700055801
0.5646986426
0.5142168268
0.5364177474
0.574662207
0.6272456316
0.6319305052
0.5926065177
0.6235681748
0.5820075342
0.5934331514
0.4966981985
0.5819041542
0.4833321551
0.5139710457
0.5439021567
0.5677309604
0.5609721049
0.5607905989
0.4882990147
0.531545036
0.5672584129
0.577330346
0.606878941
0.5817593506
0.5832913724
0.6084361407
0.5572342116
0.4821343571
0.5515845188
0.4773799854
0.4900219394
0.5162492604
0.5207733947
0.5334363379
0.5493258491
0.4594298537
0.4974057016
0.5456408
0.5780385177
0.5898568115
0.6078025036
0.5738351486
0.5661050039
0.5982906708
0.4378902541
0.5546960095
0.4357903764
0.4395451605
0.4911673518
0.5024749436
0.5849282253
0.6127677146
0.5563006488
0.5802864017
0.5671013182
0.6152044197
0.6283140915
0.5994201473
0.6278923692
0.5810255403
0.5599558744
0.5540412407
0.6157667787
0.5629257676
0.5323492971
0.5624113617
0.5304905346
0.5555066709
0.5559715171
0.4432086747
0.4993205372
0.5714695187
0.5391185739
0.580440973
0.5852603099
0.560196427
0.5824757009
0.5518523599
0.4463770816
0.5126134483
0.4409028203
0.4585381465
0.4890103582
0.542871859
0.5135640904
0.5351755978
0.6023134472
0.5795292191
0.5143979929
0.5134195045
0.5090608074
0.5036839952
0.4991990193
0.4562055561
0.5589881301
0.4561660362
0.5774895088
0.5533028295
0.4777543197
0.579433046
0.4720087805
0.5742777569
0.5971413033
0.6050133832
0.5863193992
0.5776447618
0.5802905897
0.5779252832
0.5936099196
0.5709407658
0.5758165223
0.5921939173
0.5240270222
0.5559524852
0.5383951462
0.5292791416
0.5675717847
0.5520757333
0.4865730907
0.5461962879
0.5627846278
0.5660732862
0.4965472657
0.5330520022
0.5075657857
0.4814223941
0.492635123
0.439901477
0.5444414601
0.4376909567
0.5502084947
0.5380782814
0.6091436371
0.6177808612
0.5543776575
0.4847785648
0.5288536433
0.5251251317
0.5206701425
0.4896667722
0.5080930852
0.5315363761
0.5192791004
0.4881033625
0.4509782203
0.508541287
0.445072639
0.4959167458
0.5214657895
0.5898813766
0.5739397568
0.6091092247
0.5338517963
0.5697851923
0.5683934481
0.5819713727
0.5328863261
0.5570530973
0.5375196571
0.5429046154
0.5270344277
0.4937020178
0.5508477624
0.4865897068
0.5632725349
0.5673898671
0.6155185053
0.5777847376
0.5928927692
0.5373036821
0.5606563772
0.5106355378
0.5407958691
0.5310681508
0.5389970772
0.5467687335
0.5526569896
0.5078434934
0.4967102379
0.520397394
0.5209347663
0.4703519239
0.5216461428
0.5428365604
0.5927588045
0.576210089
