0.650488655462
0.640004014041
0.572092232883
0.533185034005
0.620519499279
0.599712564007
0.645184858199
0.651915262713
0.595874074461
0.588626791509
0.637799667645
0.641535893432
0.619686965607
0.619368602309
0.605666186652
0.612836595796
0.574225674796
0.585624470108
0.611144105185
0.602601515111
0.589612573691
0.607252018685
0.57383407899
0.530474997234
0.634610908447
0.612417524848
0.557204128645
0.530952541535
0.564544290754
0.527640814406
0.609064536958
0.587854534599
0.566983715836
0.566395383529
0.643010077204
0.659290510633
0.598514312863
0.558881523086
0.610719727737
0.604311636148
0.626387200322
0.635416966064
0.619555010335
0.629163857341
0.611204272717
0.629139720171
0.599199160523
0.614700729335
0.589887075941
0.598955915534
0.568157324114
0.594783900193
0.619359147141
0.624543413045
0.557823659926
0.596367420719
0.56701908004
0.542058521286
0.639674902557
0.634518828799
0.592485270429
0.56871411986
0.585385255757
0.579727105218
0.622211224016
0.609351267258
0.582421411728
0.581884455667
0.536943858043
0.574511963948
0.574346152764
0.602703525251
0.579999145295
0.599251220471
0.515117407213
0.560994964884
0.565289919111
0.569954766832
0.529993945615
0.569162372201
0.519589451188
0.559147141881
0.510922269425
0.531369551001
0.491042505134
0.528233032714
0.550267188178
0.594894311606
0.451639039951
0.49404148411
0.628539167442
0.604689956179
0.607695571767
0.631118448544
0.597118405769
0.589083806118
0.54325762433
0.560640625686
0.599113235416
0.607090849225
0.521866492856
0.532658052735
0.608846366335
0.617922027884
0.611009677688
0.612009806769
0.599317221501
0.580471553173
0.578244381674
0.595902571641
0.591252963087
0.583239461734
0.59791216358
0.614084257356
0.58065253342
0.597583491908
0.57464199951
0.584215356757
0.548360480662
0.571014507282
0.585566402981
0.584497851706
0.547161324202
0.581191472941
0.598459627424
0.570926453279
0.632500133906
0.6330306938
0.606520589488
0.567876461689
0.581756421787
0.573634774574
0.620405103303
0.607068350029
0.575042009489
0.579062716001
0.658149551936
0.644520891251
0.638672343348
0.620091253144
0.560404855698
0.515647924115
0.597680832506
0.567578474234
0.636856037599
0.634986471093
0.637725640138
0.634179646698
0.621827884744
0.625597479002
0.601491918438
0.602267293564
0.579940481432
0.588200717375
0.588192932347
0.580166175526
0.600483397869
0.605846081786
0.541952059439
0.51381492762
0.600218364166
0.590506743107
0.537733704304
0.514068381034
0.560584061817
0.529182012239
0.590482444716
0.572218034184
0.578134169857
0.566349909809
0.610452445691
0.601219080457
0.626128604133
0.627937554414
0.572465881156
0.56075097451
0.582436708709
0.583370489771
0.644472113652
0.645088325957
0.640190597084
0.654605985709
0.650748817154
0.654015543435
0.615827903189
0.623053856898
0.615973168072
0.61786634589
0.626552316443
0.624272577825
0.584713658615
0.593626548776
0.532972989641
0.505764827917
0.607433471041
0.602545089611
0.571153223016
0.55892784483
0.567076560962
0.554148724743
0.601160787534
0.592944881444
0.58088475934
0.570540841875
0.652788462145
0.642684789115
0.643223189344
0.613767264825
0.574639989616
0.535529911734
0.618477320378
0.594305475271
0.641840864355
0.642797610692
0.6542683976
0.633497533269
0.679565578056
0.673161510559
0.666404279115
0.656076193591
0.640880891334
0.639803342378
0.656705731915
0.632119474179
0.639528955845
0.657840403526
0.551027653889
0.507910203387
0.626444713313
0.600085454777
0.563248663523
0.529185061418
0.598616113301
0.571924471801
0.607537794726
0.570711239065
0.600399759515
0.592545258494
0.636679662848
0.626705974039
0.619468833318
0.600461697843
0.555237466974
0.530540711286
0.590259529116
0.582982643155
0.635396908104
0.627955462296
0.658694913645
0.65394219102
0.678169061136
0.68461603372
0.647335892125
0.643679972057
0.671019960917
0.671529115312
0.614337944734
0.612586820229
0.647159806533
0.660407963687
0.547543644729
0.510844300064
0.632496354271
0.620259104746
0.531015823907
0.510984429313
0.587854785435
0.572216787061
0.606749188143
0.584479956125
0.602202068218
0.600774978998
0.624786164137
0.611549363784
0.608175856978
0.586517072818
0.532734723527
0.502782288697
0.591773478739
0.57355033049
0.605987732647
0.604120269375
0.623014883001
0.616687659821
0.665296149325
0.667079053259
0.638683007375
0.646121312893
0.630177975797
0.633364619774
0.641861463389
0.631197367711
0.610790654833
0.622018471253
0.531936793049
0.501415728035
0.62074467906
0.602836393388
0.552513071357
0.527171369711
0.559231694277
0.549333492366
0.582612770957
0.564609601024
0.571837089567
0.563293238676
0.594901412317
0.573655450054
0.594624371659
0.56604687417
0.519261535281
0.48474781879
0.565436733089
0.55253422549
0.587887247651
0.58074141729
0.618472854967
0.616121690657
0.632927922214
0.632390931905
0.660925855909
0.663015412026
0.627750393517
0.620828057259
0.60389646676
0.592603296455
0.638520419931
0.640854241251
0.512108992685
0.469952414456
0.606668650488
0.582801950823
0.499053669175
0.472876731564
0.526842576923
0.506245845874
0.563575024861
0.539083334423
0.555064936943
0.535039857545
0.608865855165
0.61134405281
0.624524006644
0.624910937101
0.585089483016
0.558570103233
0.587294842659
0.59193739246
0.583287599293
0.593175983837
0.631018967186
0.630541157129
0.647183690976
0.662995391832
0.609606061645
0.612608685183
0.637443441645
0.646550945396
0.592393468909
0.607204111598
0.560947888088
0.598496883049
0.567718060897
0.540890667815
0.634205257546
0.626069130965
0.590519505143
0.577669996737
0.548332914248
0.557600901607
0.594206828207
0.594882304512
0.539404843894
0.5455901188
0.617662268059
0.59534359668
0.604196808151
0.56068798923
0.490884852476
0.45540199714
0.580464606991
0.549416039662
0.610421318394
0.599660108189
0.595262111609
0.575049207109
0.650038866129
0.632490336057
0.648219553158
0.646779335942
0.618158990238
0.610573959879
0.632694713671
0.634062802441
0.597341636068
0.564281717844
0.497104594364
0.464478053079
0.585703647107
0.564302948341
0.477934524407
0.446545964933
0.566837852452
0.533945882851
0.560276958299
0.526548623079
0.586011081387
0.563036702994
0.540614123361
0.572466768371
0.535023777499
0.565807139675
0.617962055549
0.616010224121
0.563770307033
0.596129863172
0.517607188107
0.547162174417
0.522198240949
0.543277706169
0.500623857754
0.548870644846
0.508534637431
0.546000695998
0.502802358815
0.533898817031
0.487269593515
0.514870694448
0.563366910221
0.576093988819
0.469905395619
0.498537678774
0.589401014494
0.614592171973
0.579618384472
0.589735092925
0.513647486751
0.543694047663
0.588257126032
0.599665310779
0.487532571867
0.509651452298
0.629433758808
0.644983166586
0.650462631062
0.638514671033
0.632148918244
0.606605545434
0.638810825513
0.638063204645
0.608953562706
0.615142299631
0.611588269312
0.61580768173
0.613530546565
0.631823451487
0.625038690562
0.637177243884
0.608995242168
0.624475423502
0.599570290912
0.613744227939
0.628847333426
0.641043824707
0.569416394196
0.590584754571
0.619827992607
0.586619971796
0.596315103812
0.585679538648
0.582857419669
0.584170740389
0.638263249428
0.626608592798
0.572873304078
0.57868734418
0.520637568036
0.553545489391
0.582418992311
0.595050366043
0.58449004429
0.601401686577
0.566385726624
0.600265131034
0.523541882977
0.54444761221
0.560696663037
0.585152019311
0.538813664325
0.571323297019
0.519873244564
0.539842085451
0.530458351656
0.5602331791
0.482105800512
0.492990286181
0.585074701733
0.591481658952
0.439162083849
0.479798693841
0.583043436594
0.578169043345
0.580721814643
0.59492442509
0.613490976079
0.640652287394
0.63692237402
0.661578008757
0.558465228414
0.584488915237
0.541295893605
0.569062373923
0.58198567335
0.58726706954
0.554453533579
0.553656766235
0.576393176086
0.57961462317
0.548929710044
0.569486060097
0.562120491952
0.566669550048
0.574542916826
0.594617663538
0.576884308805
0.585919950562
0.549435127193
0.552425302243
0.514654393072
0.520322149537
0.554326262428
0.55538907382
0.537584194081
0.563548696222
0.549578561389
0.523612467799
0.578790220675
0.575101588994
0.632527429004
0.610761332166
0.654365629306
0.647158418347
0.637937005636
0.670302738166
0.590336787182
0.6054318859
0.606383078463
0.619310703261
0.590610593705
0.59570631349
0.608665526952
0.623214023826
0.580268449363
0.585249210992
0.592209730071
0.600128930528
0.571626923438
0.599030978911
0.580173749176
0.5963760035
0.569621060688
0.581708303464
0.543253431918
0.555508693456
0.590864098913
0.594259327708
0.525363758551
0.550163746336
0.590868074859
0.585545166207
0.621903398112
0.632323865681
0.652459495015
0.636817532425
0.638930534372
0.651022736711
0.613105320625
0.625134067981
0.568521893582
0.568689462375
0.579286359465
0.572576994066
0.515648363627
0.528906551247
0.576230762434
0.577838077388
0.578637156206
0.585258877528
0.57400994745
0.589867037243
0.582146769356
0.598763148298
0.592983759276
0.606362286838
0.567362508046
0.572569381278
0.544858356792
0.555642924221
0.539177241792
0.545030775928
0.574103997888
0.590947400491
0.514364216652
0.506113870974
0.562206105577
0.56387185098
0.559625223615
0.567838575773
0.660273384325
0.646890591511
0.622669275709
0.617214040735
