0.626406846647
0.618222710119
0.564086952657
0.486842439843
0.593002890286
0.56575053605
0.622906460368
0.639246541352
0.566808981668
0.575509946703
0.59951737804
0.55626354539
0.600173356706
0.551249945882
0.567666875032
0.571844857293
0.559583273655
0.54265443433
0.588905717796
0.475627784091
0.584380719047
0.573090590928
0.536633681526
0.47892486331
0.599213909124
0.572937228199
0.540322437206
0.481862427905
0.551008032615
0.519104755034
0.585229325662
0.556809583245
0.553603146413
0.525297626969
0.633729170858
0.627981728667
0.588136141212
0.545734335019
0.594511237878
0.584047180157
0.617233251733
0.643335945528
0.600673916451
0.623035123642
0.583982144873
0.555040607129
0.597402603294
0.570208095349
0.566933962029
0.572990316429
0.579650050717
0.530008712753
0.611455361136
0.563854467037
0.576086896201
0.57657736882
0.563122392728
0.508532822451
0.618594517287
0.608499236757
0.594956311972
0.544754833383
0.589776020599
0.56747727533
0.61881720563
0.583474095719
0.57127590508
0.551768190103
0.505209068572
0.556058920421
0.550605636061
0.592930448839
0.558112874362
0.574758776973
0.511180465782
0.561866702574
0.537198573952
0.581358929445
0.492314025278
0.51254853436
0.523892154876
0.539075276193
0.483685035623
0.508278720719
0.483263964041
0.522325416329
0.548068789629
0.508825452975
0.444805831348
0.50395560143
0.608920871147
0.586449817267
0.604087316343
0.609346369048
0.584946942721
0.571328987822
0.516253912178
0.538373219719
0.574469327709
0.576597670083
0.491962887494
0.497460990037
0.580164134982
0.612427172799
0.584358620035
0.611001851729
0.574477512375
0.55105332988
0.551941791344
0.594993779772
0.563732335414
0.586357164717
0.57757304208
0.564250101835
0.569437540011
0.550784588714
0.57283069521
0.55689136006
0.54327990052
0.546446331409
0.575289846833
0.520079413439
0.540803110007
0.566352966816
0.575441812397
0.539601022287
0.605807606289
0.610212569599
0.599368254119
0.557546302609
0.566219480221
0.554677915345
0.600821675615
0.587586005418
0.57178552398
0.546228190666
0.646539669716
0.630791204112
0.630023451226
0.607814402725
0.546488034269
0.495144616405
0.587925490961
0.545918310595
0.631608960766
0.610738691022
0.625903414855
0.555556714753
0.61106035411
0.566723285725
0.595465334664
0.545357930427
0.576296458715
0.5385914946
0.590575101475
0.482014471814
0.589762135871
0.56839960983
0.543036089971
0.485416195518
0.585350462393
0.54627884636
0.529721775238
0.478221909028
0.560950460997
0.528358952985
0.585747931193
0.541064063766
0.5773981449
0.533570442712
0.585166617466
0.588304460217
0.606333801358
0.606013428264
0.572842175575
0.537884946453
0.559221180374
0.563912692079
0.611827983066
0.637057383062
0.593849605199
0.599703719664
0.634808866666
0.613058726935
0.586711946631
0.591356902013
0.600316179802
0.59455998324
0.616147241755
0.552442583642
0.557868575891
0.573376235971
0.534935989525
0.491504454576
0.59904037629
0.576710892624
0.584501337561
0.536660664369
0.565022441994
0.536370704701
0.594496463627
0.56279319172
0.573787823141
0.540985248833
0.568680527699
0.629443443321
0.553621429029
0.601901775315
0.491967378002
0.501711453087
0.566748366454
0.568546838132
0.553260659139
0.633482850319
0.591678023967
0.615663870926
0.619591664873
0.622941446978
0.603039574869
0.616438870604
0.578379883352
0.587703494458
0.592750579257
0.538649877693
0.549664957898
0.605017492837
0.514350669815
0.486118184602
0.554959625349
0.561769286573
0.570269093107
0.490204890893
0.578071192134
0.558493379786
0.581127657855
0.567986261282
0.558683093444
0.55118552217
0.557624609014
0.619691930104
0.564335123888
0.592687918592
0.521868454205
0.512398132807
0.545213491951
0.564595820383
0.567299504871
0.621281129729
0.599055270433
0.642947097409
0.614640124319
0.6174400285
0.598979451918
0.605101655751
0.62111088078
0.642879606893
0.577079360404
0.53150001066
0.607242688272
0.634966888981
0.519415613589
0.502465475476
0.575705074657
0.590251887386
0.529054086961
0.491954612313
0.569298914492
0.557888867016
0.555533002523
0.561337337241
0.584724044095
0.55150168714
0.580005329397
0.597186409064
0.565552438012
0.564809385203
0.50249141479
0.484905104767
0.531691845055
0.565046477452
0.553454669502
0.597314876867
0.579024323289
0.601892375599
0.614683502797
0.592070848283
0.602111432961
0.59817715678
0.577585146158
0.600160319894
0.608260709771
0.550166958788
0.577751104341
0.599553043796
0.514297657262
0.481259471353
0.572044900907
0.565750218501
0.544231995611
0.477693427258
0.546540310911
0.528054617274
0.57047873575
0.547106608932
0.567651749283
0.531635624081
0.539678475954
0.570577497093
0.537448878969
0.562728516646
0.494980172346
0.482630857858
0.525883320536
0.538260182345
0.539671733633
0.57349796395
0.585277991682
0.605298722693
0.550232832367
0.587335966242
0.629413960642
0.616671322901
0.551832000971
0.593489529794
0.564864007607
0.535704466891
0.579862277441
0.595094547577
0.497955047995
0.48300119639
0.566069554697
0.566264094923
0.489858022764
0.448731214945
0.498392212166
0.50515460766
0.496105779366
0.554315543503
0.504656603848
0.515030867803
0.495625264787
0.603699714054
0.519446323187
0.610286341309
0.50278609148
0.539492273236
0.518351220803
0.572259575539
0.49166069773
0.605315604783
0.559865081359
0.631281151351
0.526130538921
0.588534608061
0.536228703912
0.587281336113
0.563512450737
0.613829656905
0.529950527308
0.582254358654
0.461475303457
0.596984945592
0.513834289957
0.521259530266
0.560087681345
0.602289577699
0.541784597872
0.550331530801
0.497401021345
0.537360399103
0.543981688824
0.56710969935
0.491153373313
0.508884493255
0.577105617055
0.592403113265
0.571477428084
0.559675345635
0.497156768551
0.439702494443
0.555862975669
0.522697449134
0.567967636837
0.593296386691
0.560813391258
0.552293589395
0.605271326394
0.556981075057
0.626040961023
0.607633975589
0.589076735811
0.58485718599
0.59133897901
0.603929401219
0.590017059676
0.455446376339
0.494664036148
0.436612268812
0.55738346029
0.528379993031
0.513591132757
0.432382949768
0.566103200622
0.509706758131
0.570645072038
0.518358854421
0.581259375803
0.537805930055
0.498680205348
0.550250112513
0.487713728038
0.560242467337
0.569239573372
0.611040732188
0.535434898843
0.574941475582
0.494657279084
0.552300221192
0.485737757391
0.547581126035
0.477058822983
0.508380372091
0.502193896365
0.529412707636
0.469316724479
0.516958015957
0.479348346742
0.502897584548
0.518848310691
0.51936986056
0.43022488555
0.4940300311
0.549335886332
0.589472746191
0.555113410193
0.571122605137
0.464441999377
0.521510885345
0.544267780636
0.566289329318
0.456824529228
0.471159807982
0.582244154541
0.620630486927
0.60472096224
0.628374308563
0.605265860989
0.597511148027
0.60661547531
0.611654973922
0.566070405317
0.612691935639
0.583517291014
0.605288147748
0.570039035085
0.570512675699
0.598105909731
0.595016631488
0.580569671962
0.582105517764
0.584620975086
0.592169291983
0.610984836571
0.559373030268
0.538054335353
0.576276877981
0.583152721748
0.55413604928
0.58837645365
0.55528064219
0.568675254416
0.557726897419
0.61951060304
0.597572457683
0.537888536724
0.531764675756
0.510173425881
0.538348529091
0.534926711717
0.595180017954
0.569856566759
0.586433672388
0.535555306708
0.597960962295
0.50151003674
0.54924821614
0.545555934375
0.596155795041
0.479144269418
0.563834616279
0.506082656328
0.540056650972
0.488318455251
0.559186304811
0.455880461631
0.49822721746
0.556970892674
0.546512648006
0.434290815466
0.528397979012
0.578661750043
0.55864905029
0.56841206537
0.587375144264
0.593886040277
0.629460245248
0.608251333154
0.635175369291
0.522675662587
0.56293074103
0.526354921711
0.561495244866
0.559679098926
0.584818105635
0.52130239129
0.519474664346
0.552559862493
0.556547758223
0.528377860485
0.56681473578
0.532698098836
0.565315615702
0.548947004948
0.561535117727
0.563415712639
0.574042010159
0.52777027582
0.54366916254
0.50982154812
0.518380742345
0.537436572205
0.496249143048
0.509177304425
0.565049642651
0.531294394518
0.479717359509
0.561237311387
0.555898705068
0.608339504172
0.58199757471
0.62657613722
0.624643313994
0.619163485952
0.640833275576
0.560905623065
0.593215166749
0.572617919446
0.615324229801
0.562380001858
0.575726663579
0.572189671934
0.601152765195
0.545318737975
0.586056039844
0.557841180509
0.600292478906
0.536360678916
0.580095217462
0.571361812941
0.564390555701
0.552034645867
0.572518502312
0.544887914993
0.544471951821
0.558401873173
0.540891698348
0.519518513525
0.58301772714
0.556584439349
0.534202365142
0.581529215913
0.612429585208
0.621960519855
0.590047742727
0.623098343151
0.623523239981
0.596361227396
0.608099727874
0.530305287465
0.541122031285
0.528110001978
0.562583974842
0.481180534148
0.467936450484
0.533241151653
0.565423518922
0.526305754982
0.561103206223
0.544014333474
0.578330630005
0.547255930386
0.52637679443
0.569822118208
0.555387403259
0.548441504508
0.546149043948
0.521692356769
0.517590070031
0.509025743491
0.495571875016
0.545801414171
0.561681757561
0.471889828795
0.460794248823
0.50383249133
0.533835675071
0.528522490955
0.520580372117
0.617207574515
0.582720439036
0.608949741136
0.613924542895
