0.615087248366
0.497106727539
0.580348560593
0.626604022142
0.569681733513
0.613622270287
0.584475432195
0.570404395966
0.536001647172
0.584064643149
0.593362901549
0.542269891792
0.597198516444
0.551404184988
0.502850863645
0.576216093356
0.568501124184
0.594839140891
0.567923705525
0.581597203045
0.622195536345
0.602761360138
0.603727928716
0.572603814228
0.589314262273
0.561980293566
0.599152364358
0.57305655799
0.537048805871
0.613825817906
0.591582141102
0.588605827209
0.606995508772
0.585323076314
0.504477977868
0.563960794209
0.523928071469
0.53503148939
0.521153427513
0.510034209971
0.519675565367
0.500687923656
0.500903743717
0.540061318897
0.49338924413
0.581632875958
0.595679251787
0.555839916453
0.570913789949
0.548107090062
0.517728286788
0.591451581325
0.589814430951
0.525977500996
0.575823845792
0.542538896329
0.583550117244
0.540613573838
0.559685470853
0.53430738994
0.569544657255
0.569559793084
0.550883411023
0.589991338293
0.568167678183
0.545958297652
0.59796770685
0.573010985823
0.624701269152
0.62167941387
0.534739582277
0.565326460009
0.634201877719
0.618869545754
0.592340261934
0.590857726779
0.55874374757
0.588441427263
0.577833193785
0.546481807283
0.606375464677
0.562839830518
0.562175789449
0.588204582487
0.584403109094
0.571963132257
0.605386566491
0.519889818788
0.53573591253
0.633537171268
0.628359342679
0.623281831683
0.610995456721
0.596801939927
0.593298749343
0.581022237261
0.516355366823
0.586843610815
0.577963168688
0.55091305364
0.579033190019
0.584424575829
0.629845633061
0.616393347577
0.529173604786
0.585719839467
0.620901532263
0.630062921999
0.620564514943
0.635176183053
0.58486187914
0.641698206009
0.608153908402
0.536104361636
0.603785267552
0.595652922679
0.567803450081
0.572680622244
0.602911389067
0.585734329186
0.582935479696
0.515672692923
0.524287938276
0.585213068591
0.632664584666
0.620852249196
0.614411443599
0.647463161995
0.584185266857
0.627634141821
0.527855816446
0.591699684379
0.515716253477
0.540032251434
0.581042944516
0.608985385087
0.57756899508
0.591836322537
0.494338124085
0.554740636299
0.589748122761
0.610890733006
0.636394275517
0.615146427536
0.597592765274
0.619898257506
0.592164841317
0.505899352852
0.582093547332
0.576582132986
0.564344532689
0.597416380123
0.597071885043
0.553588113933
0.565483060867
0.503559098368
0.518098400433
0.556486614269
0.598539694436
0.593843568779
0.639031132335
0.59769740202
0.574200191658
0.609294560057
0.473974076236
0.582098200872
0.497285613173
0.517408215369
0.566550567294
0.552345750626
0.582517291617
0.589394232491
0.534672744254
0.557467085539
0.586570314862
0.583433855374
0.64297328997
0.586614921188
0.621221821005
0.574911611409
0.575984321908
0.535670363982
0.611137602933
0.585940889956
0.563374034805
0.570825298607
0.574954712708
0.593909743183
0.580493195654
0.483018737424
0.567237584549
0.578654368425
0.582406674107
0.603971476591
0.625005677187
0.60420330262
0.606441780264
0.583367714829
0.488247004135
0.565877375888
0.51436017013
0.546623890757
0.577967679905
0.568579611391
0.541939494382
0.533470017034
0.579927844419
0.544055315701
0.547350826184
0.527536382129
0.511257600742
0.538254060248
0.510458950103
0.486300378169
0.549795472759
0.490156602132
0.598514425503
0.552468869614
0.527130397185
0.551305895601
0.52280712768
0.607755448889
0.614208254447
0.595156691249
0.604474359665
0.617596510092
0.592195015702
0.604991098147
0.592651076496
0.589381887208
0.58271581552
0.621180350572
0.570826206148
0.598087239707
0.587039411588
0.592677795351
0.603363201641
0.58460034947
0.537323612014
0.595119303175
0.550073084741
0.565453757053
0.566610781896
0.577719804385
0.579470993742
0.50660388975
0.578963382861
0.499516812636
0.587201691696
0.524696989121
0.556023978319
0.585744512414
0.631602170676
0.612183437335
0.582769719869
0.512061987014
0.586715247855
0.557336003718
0.532371142544
0.57369553885
0.554944028046
0.554625267954
0.557775682675
0.568799593949
0.522283208302
0.565863187789
0.536119453351
0.537273015822
0.584873454899
0.635629765087
0.624281177081
0.612558121585
0.582942989105
0.606528211099
0.540598432528
0.597082730243
0.587207793408
0.583419163464
0.572130962518
0.571966075409
0.597277086934
0.566223372689
0.577064983531
0.584041775398
0.548135568073
0.602414086355
0.611582129908
0.622230709665
0.644212686736
0.569096889206
0.584671105882
0.515171206263
0.573907679366
0.589026981537
0.585074759022
0.602289501345
0.609332738564
0.595497583564
0.551306265386
0.570816511437
0.572222947282
0.52005040688
0.583135697205
0.57734080301
0.611924092926
0.639914059909
