0.647343839629
0.631305920507
0.579741724219
0.53374299187
0.621136688027
0.570669744273
0.636056122945
0.656762172215
0.599291549771
0.600128122667
0.636428090031
0.527706875918
0.609408294067
0.565192339046
0.611229538629
0.538286516811
0.57370359765
0.553758999842
0.607650308362
0.482059423753
0.612402983171
0.58241755898
0.59266660262
0.54387636616
0.633630654979
0.576487356315
0.590940529606
0.52399854255
0.599932683277
0.581725044015
0.618005000808
0.590028790733
0.603827778637
0.580147619474
0.643545864857
0.650803156812
0.628188037901
0.572305474581
0.621871043787
0.598094071487
0.630131298833
0.652526019976
0.620054414737
0.630363011097
0.631453349372
0.566604278644
0.612906058437
0.594835081608
0.606826305332
0.575467418192
0.600319322895
0.583759978455
0.6255564178
0.54042407922
0.603362689598
0.604443794371
0.608189865754
0.567748590531
0.651552509429
0.612650234814
0.633485020118
0.574451837117
0.633891467294
0.606355554822
0.633992078652
0.608934515127
0.617331327606
0.603724713079
0.531886959456
0.601089751909
0.571170197362
0.632050208527
0.574893991957
0.600391516335
0.539668686034
0.606228660081
0.532505050576
0.610171080546
0.551058615583
0.557774210791
0.535351847935
0.591771498095
0.525046249245
0.55845927656
0.504648636823
0.562498980902
0.55823555813
0.543629094944
0.502441689425
0.58080310064
0.603633818548
0.614049248134
0.602897191625
0.634446422116
0.602805317674
0.604530683017
0.583891748485
0.624440060305
0.556178306889
0.60724227369
0.538127795411
0.590963298779
0.576244417782
0.63750182811
0.603519526632
0.624388813549
0.610644462939
0.575129467942
0.565322974403
0.624076711846
0.570161118072
0.598889525178
0.590135950471
0.550914129396
0.561131936594
0.571961843572
0.567672592585
0.558955867758
0.549674659856
0.558756159138
0.591436186815
0.510021978538
0.550255116337
0.589788383293
0.614633700887
0.58202758941
0.624458976127
0.619479121154
0.632518142439
0.584850824819
0.598324267366
0.608224419471
0.594039375897
0.599916523762
0.574630342834
0.600060361228
0.666436326552
0.638925649428
0.65096150099
0.626333213897
0.601711796429
0.544507377143
0.616085610383
0.55947330145
0.662897036907
0.650748549535
0.647457832551
0.534165788595
0.628196768555
0.557339860492
0.607797782215
0.522367340522
0.582720376214
0.536373390714
0.6281105868
0.472916384065
0.612347763322
0.564407364108
0.607722425217
0.532764380941
0.63014204397
0.56564283738
0.605002945731
0.533876502522
0.620104675809
0.571955086159
0.63346887792
0.578081206345
0.625645903377
0.581704943722
0.612814928639
0.609383581965
0.63244847089
0.616721676046
0.608375454705
0.533701511201
0.604659898351
0.56921455209
0.657920500923
0.660934585309
0.658511163427
0.600170607288
0.644046320205
0.612835372023
0.631566231247
0.571173249306
0.620356320718
0.589361411123
0.637435315568
0.514844828412
0.605370786434
0.568698875895
0.59093841898
0.530798677858
0.635107207297
0.576593124427
0.619498457852
0.550633414493
0.621670132491
0.579792903868
0.63873251854
0.596206395974
0.636057196502
0.601836594316
0.541471303345
0.652145249515
0.560398288481
0.638765671496
0.545587281458
0.558801065559
0.549910465334
0.59435453903
0.527846702398
0.649978830345
0.576774850556
0.653754742421
0.564728364039
0.622915427373
0.560741316481
0.596713632953
0.538315749786
0.602195910752
0.605259988638
0.525715438477
0.503055650027
0.626222333573
0.54504249701
0.553207068764
0.55979462583
0.593062989452
0.59794616617
0.556233232999
0.558821868659
0.619810346686
0.573829761844
0.586985886339
0.512141244965
0.607222534078
0.574696531874
0.610073260001
0.595352604242
0.603941109835
0.583943800827
0.536335977725
0.578674521482
0.556206907773
0.562927711537
0.629800745724
0.612552699824
0.64668243675
0.627139467325
0.547409260512
0.619621104376
0.552817141279
0.60541005471
0.60215770658
0.610851476488
0.510263445828
0.579639925948
0.605812649342
0.579446709518
0.534691418468
0.619748837616
0.583343984692
0.589447839096
0.517241537206
0.609886319965
0.574917760266
0.606109150439
0.569864407065
0.6010685736
0.596556578845
0.544144794044
0.616497320055
0.578331460041
0.602136483178
0.555897239478
0.524037562048
0.573771824842
0.57329734058
0.520498442702
0.611650367074
0.578511185343
0.626301953799
0.59636165547
0.562353989431
0.552290616681
0.612269969503
0.5450541491
0.603607705384
0.626763370764
0.548454753737
0.538071356362
0.60417375961
0.567859950266
0.541507448345
0.613747354247
0.586924379837
0.615734076861
0.548422161183
0.583884583848
0.587926610672
0.59420063343
0.578070351034
0.554764498369
0.591931755058
0.554014352877
0.577264921846
0.575086913084
0.589612491123
0.547838776489
0.50403846601
0.560183647276
0.543021919873
0.535234724547
0.580628633221
0.587188726015
0.616137595787
0.583650913874
0.504611210859
0.600777911213
0.60136818396
0.594475013925
0.55530547624
0.581078240794
0.465771312751
0.570808158056
0.57773673026
0.542530260398
0.515403562667
0.596429224143
0.566990342151
0.553917618038
0.492186136429
0.574605483606
0.548292885833
0.579414058518
0.538848720726
0.55307309188
0.557749237909
0.473398998006
0.6034311977
0.518675727738
0.621333219362
0.541633480803
0.551319698157
0.504679166417
0.578390088112
0.477035307102
0.62270009075
0.50982668127
0.631722825955
0.524800212609
0.605924865538
0.50227033046
0.603078944189
0.5420752793
0.614587766574
0.463602854443
0.582156717626
0.464610696023
0.632010875521
0.519534190961
0.559328027003
0.560361413153
0.598759813563
0.560642597824
0.581025743971
0.532858415734
0.595568437778
0.514695613284
0.602825233307
0.478042822556
0.596326811352
0.585214473588
0.604887913948
0.61116998812
0.598502667601
0.574888774337
0.508120799347
0.592919492463
0.546271622028
0.560403490799
0.610944162305
0.563421895938
0.598635756683
0.622575678813
0.50756487706
0.593869347142
0.573914794508
0.612584244009
0.541462930737
0.584566326915
0.579032170174
0.635383925483
0.463911498959
0.572365429628
0.51220340079
0.631464900456
0.563903153087
0.596831153321
0.489504455148
0.605198443997
0.569276016815
0.606117145666
0.554794414039
0.564549904024
0.563409421017
0.539712914859
0.603225271206
0.566950571474
0.614165955465
0.611056739227
0.597587174101
0.580967431482
0.615755291734
0.547201869342
0.620850027433
0.533974116089
0.592404664259
0.550747180375
0.546022931597
0.542069498774
0.578777767544
0.537500723482
0.570181133141
0.520089584495
0.551207414794
0.567259620063
0.537357550169
0.50810842753
0.576335544183
0.61073745189
0.622619160471
0.611901879828
0.600259999407
0.581403076128
0.604788824987
0.587020145723
0.607468435115
0.533136962374
0.578580498571
0.595349513652
0.647401871397
0.627559928784
0.653709909048
0.630570671983
0.603668501868
0.623789013071
0.623976668052
0.588711285894
0.643973094453
0.596264876945
0.638981572269
0.60115513264
0.570432546853
0.599851591868
0.627097560542
0.596619600645
0.613448534032
0.587094877783
0.606965739941
0.611585585536
0.582040389684
0.581033063879
0.636018443665
0.621262208674
0.615423374893
0.627580291234
0.591814608755
0.615166838306
0.628069667153
0.612974964753
0.636408441025
0.578906912954
0.611954724294
0.530305082895
0.603494151665
0.576982899183
0.63175540942
0.598912349856
0.595907967099
0.587858783355
0.630458469231
0.544691078089
0.615499683125
0.547841885951
0.612550188572
0.550950324625
0.600631216491
0.52409784329
0.591498560653
0.556309811087
0.614668496764
0.495786742219
0.557883475979
0.586904290545
0.568715941177
0.499311928025
0.598899911882
0.60526139741
0.605881819084
0.592933755411
0.612629063083
0.636283618496
0.671765938642
0.60878995099
0.647780273997
0.564239701943
0.630194158257
0.589999536963
0.620120225767
0.617523412762
0.630845032939
0.610062205626
0.580124825672
0.605161269205
0.598361774748
0.577262179818
0.627886096307
0.579908415937
0.621605022702
0.614429150938
0.579127470415
0.590634272065
0.605819109119
0.594883607806
0.58045128527
0.560402146302
0.580595650938
0.606013208302
0.530085135469
0.572375315045
0.59803621578
0.609238247655
0.58456184876
0.622881793297
0.601078852337
0.668388987043
0.627962135212
0.655671625357
0.651730633459
0.636458840695
0.642944929588
0.595079056712
0.619066754931
0.609447532633
0.625430779058
0.593423341663
0.564557621974
0.611623835972
0.597676086746
0.583077468732
0.635379956618
0.602625095458
0.62921493551
0.583120901523
0.590534793766
0.586674133753
0.604204851114
0.602647737968
0.595879385774
0.556507426996
0.586530163492
0.602099041106
0.531445582124
0.570302204858
0.610192487174
0.604488174024
0.572777996371
0.633216531621
0.604195329303
0.647271179788
0.606972533733
0.656744136069
0.651502306239
0.635268204093
0.655398452743
0.591440199114
0.612256796834
0.617440948391
0.578863923544
0.542031205985
0.605055371369
0.574418885212
0.586874495205
0.623971599367
0.613652219251
0.629939927617
0.608070221247
0.550653825096
0.616845972291
0.594484697169
0.601693130505
0.554616850682
0.56847743142
0.563662160104
0.605139946798
0.508453215148
0.577983204958
0.580495438716
0.578802067454
0.537760666962
0.613031867425
0.565085869886
0.621098803146
0.560659562234
0.646728143296
0.632645668463
0.65770401553
0.62671732446
