0.591318334693
0.599202577062
0.472578770253
0.486493953987
0.563780708012
0.579035059164
0.623912609202
0.624498050719
0.55251596521
0.551046594902
0.601321172984
0.609100461711
0.551056175998
0.579192255738
0.550877819142
0.559241435146
0.507996034975
0.533136608933
0.563569999832
0.564353049427
0.577390010615
0.589870590704
0.523978501444
0.533087133639
0.582765743805
0.584502512902
0.548946404797
0.527094210672
0.468215782011
0.491423375842
0.559629745842
0.562545557409
0.542427671817
0.559375156641
0.577444838106
0.57790177367
0.553299845959
0.552366922266
0.556425047537
0.565818207552
0.612823575417
0.609138754102
0.590202897516
0.595748996494
0.557746492191
0.608328141495
0.546373530702
0.586367212885
0.570355806448
0.592118664
0.528413125911
0.566760386596
0.587304925903
0.59685306594
0.543080596902
0.575439620235
0.490685992776
0.515046350719
0.598226874244
0.607688382106
0.578389609895
0.580836883538
0.551973228007
0.582605449613
0.57606732162
0.587977231586
0.56766395058
0.579559225498
0.483658296742
0.487114571069
0.55061521619
0.553018701046
0.485614567939
0.509449092082
0.515248143759
0.52132991173
0.512627860384
0.50859271552
0.47882904713
0.509069488735
0.493010805462
0.52627914391
0.482223769334
0.503482467664
0.475760811378
0.507358967061
0.503300052815
0.527330253105
0.466301449306
0.497440753649
0.557854283649
0.559336462535
0.567208959665
0.579606299178
0.536102808155
0.546694480885
0.550881266416
0.564926910539
0.516876618289
0.536854799082
0.488370632053
0.514581903653
0.585745664411
0.582859200798
0.579099473525
0.567055893217
0.499474980599
0.481593300265
0.566677665134
0.55087412931
0.532659285894
0.529015404914
0.564889353543
0.566249158098
0.522648205436
0.528543348229
0.544740862214
0.558999609371
0.5190716419
0.533661594451
0.549570734526
0.546171249116
0.549535448101
0.570929167551
0.537928001511
0.521150016679
0.57957106472
0.570759410298
0.560945091946
0.544026829706
0.5170403562
0.525470247114
0.578356645468
0.571807311842
0.560596813091
0.569988738867
0.618271513482
0.622187822615
0.613994081501
0.615497003885
0.515015769341
0.514499389227
0.534678965424
0.56294246496
0.62243705315
0.619500641762
0.598331607909
0.613016657026
0.556926142852
0.590811801672
0.56791380192
0.587196966528
0.529543681045
0.559953639243
0.577406541349
0.580679146238
0.559007061594
0.583723913785
0.526380962088
0.538334734125
0.593506895825
0.596284304581
0.544611018436
0.544000873912
0.531032417997
0.534855545593
0.567983549389
0.576209036654
0.564156623367
0.577034064853
0.533363653771
0.54023530775
0.597289887919
0.593381083832
0.501743682077
0.500734517846
0.512214949199
0.523563401812
0.624443083481
0.61511337851
0.616807031465
0.618551703323
0.587626630438
0.614199077418
0.600044964269
0.603069115653
0.565283699687
0.592897584718
0.577590725181
0.577959186958
0.561096147574
0.575792647453
0.48874113273
0.493724223775
0.569107113624
0.57077322388
0.572935878976
0.566574403556
0.528454868112
0.549916595361
0.555678322574
0.568483900269
0.565966828303
0.573209362387
0.619768286875
0.609354211194
0.617793827534
0.583195071486
0.513234045765
0.491797860338
0.560144969858
0.568229752383
0.617757462594
0.605812644895
0.626566370099
0.623319502281
0.58903884952
0.615177446059
0.625392856181
0.633035866627
0.556972045732
0.574004237284
0.633830209876
0.609332739125
0.585645811227
0.600874632543
0.522625754356
0.510856510245
0.596984468911
0.580163852261
0.60997555635
0.553395849101
0.546149220146
0.525085058878
0.56184641814
0.544426024805
0.583284387673
0.585067292103
0.570857479185
0.541768192649
0.585245193956
0.548253675065
0.512146495462
0.489571783483
0.515898926645
0.502007446618
0.580136842435
0.541815627912
0.620863087011
0.592061778729
0.608852653359
0.583658988809
0.588760813452
0.576145306567
0.620813478662
0.608522268842
0.575753585352
0.535889871351
0.614122792158
0.596699492332
0.513177420484
0.491724214923
0.577426404487
0.554553098919
0.526701582001
0.502606773701
0.550016620869
0.537743211334
0.544811201663
0.531024692606
0.595279266298
0.583291445283
0.557560377269
0.561389573652
0.597546029905
0.569561660546
0.494772165087
0.469779422577
0.547864520316
0.53826328694
0.592309887891
0.566297787505
0.608462251895
0.59967414143
0.634760043326
0.623828730565
0.580635610433
0.599417068057
0.579778692424
0.590250470023
0.615929774212
0.585412835487
0.574624305987
0.58587931753
0.488357964236
0.484191893828
0.573341780146
0.569463038023
0.575137907199
0.547165923067
0.536537427739
0.539040197012
0.586738939234
0.578229368345
0.587017806586
0.581427338322
0.534669249357
0.51958990277
0.568052707398
0.53307365301
0.493586461543
0.469504506536
0.505168674145
0.498256438907
0.553349111729
0.531107742097
0.592922313447
0.56846021947
0.575635744787
0.560052813449
0.606398813645
0.608355616464
0.587655101428
0.570304327838
0.565511145378
0.54277127532
0.590026859474
0.583423861302
0.469405909623
0.453976628604
0.589113927838
0.554715339335
0.506682282988
0.485592949026
0.523757375546
0.505766158985
0.554069099235
0.532402717816
0.546411527659
0.536770790293
0.567218487914
0.567353360807
0.587145467027
0.56351698932
0.521208159876
0.504480102102
0.525071585302
0.536176644429
0.59050230594
0.579005949914
0.567183760066
0.567521907921
0.610321813291
0.628285926298
0.542359830606
0.586295827688
0.593552299454
0.619926571209
0.54598649009
0.566911563524
0.541043866687
0.578656637457
0.51017520828
0.506598152329
0.607532956212
0.601016444955
0.574841162784
0.571230891498
0.548473578463
0.544845638861
0.540489430022
0.550056851151
0.550083610441
0.564855229591
0.595939000648
0.585236923087
0.590737540992
0.557688754887
0.490653247147
0.458768481174
0.568808873479
0.552799312609
0.584147760821
0.558203177436
0.587401959653
0.56578687775
0.602447567812
0.583259486485
0.603356365408
0.605827793216
0.599781143713
0.57972023693
0.591823946625
0.584874104836
0.59196699047
0.546866427651
0.486358535941
0.464948125013
0.563334606054
0.542066182199
0.52265701196
0.483328028465
0.548501363827
0.518963880556
0.576217074235
0.553583692506
0.56434756009
0.533922955143
0.525345552396
0.525034528152
0.515633729174
0.498090651915
0.547410834372
0.555101343404
0.506149562145
0.542472603365
0.536098938815
0.521956032609
0.505889518913
0.501015713496
0.472865499994
0.505071411903
0.499874070395
0.531851866577
0.485536928463
0.494029923279
0.457520312467
0.481181534304
0.520633632786
0.526164620247
0.467847715847
0.489866843738
0.57899140187
0.578668639904
0.532215704363
0.541431267565
0.488877178482
0.504574683589
0.528725395297
0.530447751187
0.496325501692
0.509698869677
0.588182807465
0.589501045087
0.605998710458
0.594706884871
0.582313811471
0.576020636996
0.576020570512
0.601147647503
0.608076163413
0.599309045084
0.568527834527
0.559626877306
0.584517556796
0.594932105269
0.557841351759
0.595357685167
0.570020850152
0.584722535021
0.553259231934
0.581046139899
0.605246497908
0.595207373229
0.552834663025
0.566839591655
0.580401088517
0.577571003074
0.563210441274
0.559584106583
0.559756677552
0.575788175446
0.57842682397
0.58284844013
0.566488270586
0.579035702709
0.506060334432
0.52276954305
0.587415507448
0.583971100861
0.534743704946
0.533898982851
0.534206205224
0.559322443954
0.555222071804
0.546481706465
0.568476241812
0.571292990496
0.551295159036
0.58834090236
0.488001182088
0.53033131753
0.54679926046
0.583529789329
0.490943162738
0.518563199303
0.569737572369
0.573852868136
0.496433657178
0.535202149542
0.534616731419
0.533515782584
0.55745777092
0.569479011771
0.616549145132
0.634336457149
0.592339453885
0.609036062451
0.548279004907
0.574716153972
0.477756934871
0.484690430099
0.582804067083
0.562074084778
0.553136073888
0.534614760687
0.504737409764
0.507127798048
0.554704633521
0.538378822085
0.553612819072
0.53604846302
0.500109504327
0.534164083943
0.548188406817
0.575152578879
0.517023361083
0.549078157706
0.505806253326
0.534234905533
0.525286312306
0.548473689243
0.494755288238
0.525601613066
0.522885024952
0.511889880864
0.572547300742
0.556598115293
0.639517493069
0.622487829107
0.616356430021
0.61509255448
0.590241720279
0.608909035803
0.554306825794
0.550193218173
0.599325925036
0.584813490546
0.516256964526
0.508715378335
0.570396827292
0.575273711268
0.573342465686
0.559502249297
0.568657905111
0.565799577516
0.541770571482
0.559162333549
0.535050980277
0.565422437343
0.573479775359
0.586951462403
0.536887182318
0.558246765274
0.549467199131
0.552927025482
0.547027371134
0.578355665302
0.525612465021
0.52194091585
0.582757390692
0.578898504297
0.60795582662
0.599348576496
0.607578440202
0.622387890967
0.626338344653
0.63685461947
0.55232550102
0.545072316219
0.579975290436
0.562461079873
0.498329271816
0.478351748662
0.559152599039
0.558723213656
0.579913218087
0.566914353269
0.579645993516
0.569619491045
0.567458853389
0.569544556063
0.578346673663
0.602488992459
0.563215747298
0.581035371138
0.533114232523
0.549802314384
0.565383882196
0.547991283907
0.535676003373
0.567082649677
0.509052810804
0.496342079921
0.576306282072
0.564917865951
0.574148328875
0.557381971553
0.608836782934
0.604323811082
0.634081221375
0.623664917699
