0.644624428994
0.55887671066
0.608838843806
0.653522598773
0.605801871577
0.603409450794
0.608408560911
0.604934767977
0.573714346691
0.561171993891
0.617377982219
0.573808361069
0.614187637636
0.574349162926
0.600743026686
0.620250642264
0.608521137857
0.655935459383
0.603172863668
0.615463253557
0.644187985309
0.624402652426
0.618327427267
0.613785911104
0.610029983929
0.592417411607
0.598489308447
0.622891216907
0.589460091741
0.650497928921
0.607030018829
0.61385923169
0.638342472498
0.615895583248
0.566228288398
0.597244583163
0.613475484269
0.56942247344
0.561246553209
0.607842019498
0.583123358491
0.578394717984
0.548409147201
0.587588318633
0.569115873006
0.620392042624
0.638303835367
0.623309496782
0.622126352866
0.605566104581
0.597948548924
0.613762224732
0.624339636194
0.607383883861
0.597710182652
0.587003281582
0.618517295882
0.58394041556
0.607810659289
0.563565887489
0.583173287635
0.605206538303
0.609322788596
0.637308555804
0.635222005926
0.634914322734
0.629567224147
0.622497405807
0.653834179465
0.641073360061
0.556981057912
0.590942812388
0.660333828224
0.58391342076
0.609141981157
0.581413110257
0.563587490913
0.554727850291
0.591031942006
0.567701795393
0.601477611347
0.579671608085
0.594081527785
0.617042114623
0.606755354328
0.610990768001
0.62073837884
0.552372076155
0.576592199027
0.660854383636
0.574736104
0.641378201621
0.587419010236
0.608139114866
0.541406521193
0.587736912616
0.553421449329
0.5951529849
0.571711273258
0.581463950538
0.607036569782
0.616325537758
0.622629520799
0.6319640632
0.601607922263
0.62046942916
0.593813120409
0.589018922438
0.630534093654
0.675075358957
0.604159433822
0.669380295447
0.649974313729
0.583992641732
0.632769639606
0.624477617159
0.613763935916
0.624805021169
0.627143975234
0.608243871633
0.602918470315
0.558802284076
0.575205208541
0.609397156794
0.648759984573
0.618204855064
0.615453514827
0.664817929662
0.574563435197
0.633979926076
0.566461323806
0.603997591124
0.558090255752
0.582995378925
0.596256785915
0.614259201421
0.610824474912
0.61457359881
0.563350975576
0.603197573652
0.585432594253
0.590821612005
0.665694479654
0.620916019038
0.626827158452
0.642423354867
0.636181412883
0.573591167615
0.628642055692
0.607016320948
0.591372065619
0.628243637566
0.618700653878
0.566401566691
0.583535377838
0.528579704217
0.552113721719
0.555285084581
0.606517010119
0.586583197682
0.662922716218
0.616076688134
0.572241909903
0.631435413033
0.532514229096
0.588431826525
0.530110368975
0.55778242878
0.583746499765
0.564451731227
0.563592637666
0.596658741504
0.575386158477
0.575788616803
0.553472550539
0.551633563241
0.67066290104
0.585561499412
0.648291914719
0.564253056401
0.629180934386
0.569884922337
0.624385936798
0.608652846776
0.584701896962
0.597903108573
0.581249409571
0.62663557637
0.627817538435
0.549895159273
0.601546930004
0.594176026363
0.595951751565
0.6471977861
0.637757614936
0.637953489843
0.63533665127
0.633952786531
0.554981437432
0.622153134772
0.569095580214
0.602340547377
0.633025440252
0.616310536259
0.575672024184
0.59520433829
0.624348245168
0.609478547309
0.576061398147
0.560184347273
0.586464900876
0.575895249736
0.58649027453
0.551257332336
0.578672598069
0.566332342376
0.640695202242
0.620371792208
0.602783976577
0.603379541677
0.57421719977
0.62413546543
0.655427229184
0.638886341148
0.640361420349
0.617069995772
0.610149454533
0.63277728531
0.621428281806
0.636168854041
0.595637846977
0.62523743148
0.630231321638
0.640780099946
0.614602443389
0.630469401094
0.650218547074
0.630149896062
0.574864227102
0.612247628864
0.615892440189
0.635159235098
0.575917895132
0.577010840135
0.610983501086
0.567380353971
0.616293294421
0.542868185887
0.61362823857
0.574344675141
0.623597247029
0.611463635345
0.676251972027
0.659038269196
0.630492159131
0.600144006016
0.62289283985
0.613691123984
0.626811137136
0.59323668412
0.594838878869
0.616898598063
0.596000886635
0.601971854559
0.569068910505
0.582707627564
0.596213582001
0.606788382305
0.620460927716
0.677969468366
0.689268892472
0.684024246458
0.622272164835
0.639624279604
0.601556338807
0.623834893284
0.614797397934
0.617617142066
0.61823444039
0.604853858622
0.625750251231
0.593795380577
0.591832050361
0.628664248827
0.597895874136
0.641345834183
0.650796300251
0.68126714183
0.685332324797
0.614303554874
0.611454526591
0.595142170965
0.619265917831
0.603006608315
0.623069621933
0.624630970455
0.620350399978
0.619835768309
0.582305641517
0.578108486009
0.612569512268
0.578335226147
0.618689606588
0.625184613985
0.671620268625
0.686913841976
