0.666892984322
0.62317496746
0.639867757514
0.666048882782
0.621791969426
0.665085513147
0.638948882605
0.63593256776
0.61185254393
0.623427891969
0.645687037149
0.617661037318
0.643383893609
0.620486138489
0.637770025472
0.649698176746
0.637721489351
0.672115409772
0.636628030553
0.639608637287
0.654309761239
0.646701600677
0.660803056291
0.648074274532
0.638369126672
0.634524485038
0.651028702906
0.646226869953
0.629092251624
0.667498825931
0.64391494289
0.657905613622
0.653439405961
0.647961530955
0.634315107709
0.641843519788
0.64477891239
0.637446736044
0.609121577435
0.638374751338
0.624599571622
0.603385126709
0.599718976909
0.632516985284
0.606718380423
0.654164331613
0.665378056652
0.645890370624
0.657081746834
0.641047447452
0.631711691894
0.650220789534
0.646979364399
0.639324252966
0.628158144293
0.61115695071
0.645946445702
0.624452949223
0.620547577746
0.607104612281
0.623871540061
0.626492219339
0.638653244598
0.662900768505
0.650876528065
0.642118876936
0.643638418895
0.646023843517
0.671227026671
0.658029640204
0.625110389522
0.6276127863
0.681162871425
0.661313061066
0.648327870903
0.622719728178
0.615577079395
0.629547563071
0.636866047117
0.620070768399
0.640164102372
0.619505743116
0.638153788881
0.649243674342
0.65099787439
0.629055774923
0.647578449613
0.607741600436
0.615279031775
0.679405719322
0.669149557372
0.663587173681
0.642888439732
0.6384509713
0.643721046955
0.630370655083
0.603361844284
0.632190256738
0.617785512026
0.632692781222
0.638673669773
0.648703015163
0.678329725454
0.671683130347
0.635944911584
0.650206444934
0.664993591315
0.667526092407
0.695624300018
0.680276366195
0.652859420882
0.688711845722
0.677154692584
0.623663835949
0.656408544924
0.650523521085
0.668156307927
0.653873362203
0.662144044353
0.651858652334
0.654892365143
0.621800583962
0.628693733381
0.650269898228
0.674415117957
0.703025489381
0.67068324184
0.686776528927
0.661875240348
0.672369695685
0.621819016104
0.665792372801
0.610164864949
0.656043871737
0.647136607664
0.663808576328
0.644766417555
0.638043499331
0.595418728283
0.625810148408
0.629188487691
0.64058506533
0.682619392478
0.661715018893
0.655246309588
0.67333710209
0.652875316237
0.606501922118
0.640356149684
0.63631622419
0.639833068196
0.641590220369
0.645221813263
0.619212809901
0.63634372864
0.59659205184
0.607969836298
0.612914968223
0.641004488011
0.654683764564
0.680738907406
0.651327665592
0.640101704138
0.660037280367
0.58767845377
0.639620765998
0.579007312083
0.620003965048
0.62446879933
0.623514926589
0.627455505882
0.646543142596
0.619112087677
0.615061822667
0.627801182725
0.639282538958
0.686839204257
0.641580336139
0.676268317904
0.631896565662
0.663862192398
0.611727542774
0.643330033332
0.640454954271
0.641414421643
0.634422906864
0.636529655863
0.650558295736
0.644153108307
0.598527618257
0.622869195957
0.633848036046
0.625468269413
0.666296532947
0.66469092356
0.646756513141
0.651977703767
0.660623865193
0.60429786451
0.642309022526
0.602657581645
0.637378365243
0.639172091023
0.633594352269
0.626464976243
0.635792749083
0.653736700556
0.644567315515
0.631420454872
0.608114225235
0.6244777104
0.617944475581
0.608390673431
0.592924633861
0.624214579683
0.615359583382
0.667852771678
0.643305405949
0.641503910403
0.640258610484
0.625020660425
0.662002009899
0.678736488133
0.665938198366
0.671584734129
0.651006212577
0.646342995277
0.663168727935
0.676275117527
0.653030609839
0.65111545644
0.658338929492
0.655779389195
0.666345329191
0.655092949846
0.668504330495
0.672734331494
0.658103216923
0.624291383246
0.645407220718
0.637047664617
0.648253893661
0.620645402757
0.620486293189
0.650780450733
0.606237081965
0.639580361351
0.578578703101
0.642232280029
0.600884807659
0.63749505364
0.643623120662
0.691522941927
0.671562971326
0.644093790324
0.646834624323
0.66234197694
0.643751957219
0.643312543959
0.640067263179
0.633884100844
0.669036269201
0.650246782768
0.641444722466
0.624573686904
0.642803484759
0.64086585641
0.638866345977
0.656240281821
0.690368295313
0.704008367758
0.689856432763
0.652649223777
0.650076585797
0.628590172997
0.646087314953
0.64453586187
0.634216885829
0.647915552235
0.638057522751
0.639769698251
0.618906680855
0.632850801964
0.636996468378
0.629623137043
0.657096735623
0.672790747822
0.696961663962
0.691126484346
0.650456445506
0.655004009191
0.630424888008
0.643876566161
0.643659783241
0.651945065611
0.66525278286
0.658148285683
0.648506724873
0.63012449654
0.642785150799
0.640665950307
0.623838976881
0.648112157773
0.64556499128
0.692898061605
0.693648607362
