0.665711871587
0.654310345259
0.613724182826
0.57606362355
0.643662120431
0.618008937939
0.657292329449
0.662143700767
0.619592926497
0.602211709268
0.662656329293
0.651327084319
0.637783086445
0.630718210107
0.632092985271
0.626536339284
0.606506030864
0.604483319102
0.626718274437
0.610533184087
0.6346584834
0.639230732132
0.631998093313
0.601240648773
0.651656463795
0.62357853993
0.606973439906
0.591542405109
0.636645670145
0.598967124539
0.64845521256
0.635147177489
0.633896672992
0.629879339116
0.657152659771
0.667295210836
0.63054492908
0.619743845608
0.636152395191
0.630386405265
0.647566603209
0.653393958068
0.635463366495
0.632219316129
0.650874468199
0.66367000662
0.621717221214
0.644166415705
0.622233184464
0.633909750897
0.612147684435
0.628597130822
0.639393913361
0.641228893804
0.623262113826
0.643029735679
0.623991565495
0.606249953252
0.667336697131
0.654359125904
0.634037235114
0.623287315347
0.646499090353
0.650705416772
0.647978704463
0.643085807581
0.641260083116
0.642572569872
0.59295020697
0.628705026816
0.622989148097
0.637893106102
0.625429220936
0.630453526221
0.601759898157
0.622207850618
0.587449402437
0.604590327902
0.608410075526
0.63665854862
0.578146015832
0.618017414217
0.575563919915
0.594835955491
0.551379744902
0.593016010926
0.603342212021
0.623379585786
0.550630037393
0.609038929621
0.640050212856
0.64053701238
0.648326277847
0.655972634606
0.626679116615
0.633399323718
0.627627750347
0.64775098383
0.609032150786
0.627830058295
0.610097787106
0.620780308196
0.627453097388
0.653471311239
0.63920723955
0.637507623036
0.623901485255
0.619408772973
0.614016718998
0.628300106914
0.595276234893
0.593781546134
0.629839549211
0.637701817231
0.589829013811
0.605749293451
0.608228266506
0.610455356129
0.577354988632
0.587286208859
0.614269625896
0.616055046427
0.600138735662
0.624731210606
0.642907499405
0.624967065508
0.656892528677
0.649537536098
0.642989716201
0.624301660964
0.63386411256
0.635230053442
0.631059244544
0.630554950352
0.622076617675
0.631453157319
0.667182907615
0.66367829124
0.657915851473
0.646830679888
0.622673059436
0.601219598603
0.623784123024
0.610487262321
0.678787776577
0.672841851854
0.661166185311
0.650015499371
0.642823853825
0.644339585846
0.623902466595
0.619557211865
0.606831253706
0.605034718513
0.631718048994
0.620840646214
0.624071258971
0.62647132493
0.625788581323
0.58696903837
0.636941607111
0.618688165122
0.618129696156
0.584686080914
0.632728820767
0.613645956425
0.643528778263
0.628410000426
0.642852080039
0.633216911338
0.613407700182
0.626132105923
0.637188535855
0.638267837258
0.597912108914
0.587762214034
0.600998660696
0.599236631382
0.676248863804
0.679324202554
0.666495648373
0.668261070553
0.656244719181
0.66351007733
0.637191112186
0.639362221014
0.627823150793
0.635264561898
0.637559852995
0.632552354491
0.611876313574
0.631473752559
0.585585480623
0.572381479777
0.632169159116
0.621287204929
0.605648802226
0.589025525548
0.617979057324
0.610961849566
0.63415815202
0.620254564737
0.641672595449
0.643372611501
0.668743555524
0.674158791989
0.672967508347
0.655954021098
0.631989390856
0.612268678316
0.645622004828
0.63552639514
0.650225701338
0.662379636022
0.667340319127
0.665727365627
0.678936413671
0.689145956296
0.674983457568
0.675800224307
0.643752037039
0.647204293397
0.681150195985
0.672138357404
0.66277066392
0.670809432507
0.622173852145
0.598817722786
0.653939461719
0.638039809813
0.650836940509
0.604622340457
0.655147469101
0.639349615825
0.650666993229
0.631349605852
0.653602745717
0.647522770742
0.64024479556
0.647618876608
0.646168127911
0.624595826773
0.610429589278
0.585331488535
0.605301382104
0.595437213013
0.644445718833
0.647990955127
0.670818820258
0.667014738828
0.68993652855
0.683817349071
0.664169392361
0.656155132739
0.682224691199
0.675984630579
0.642492830634
0.630799761152
0.666707151212
0.667850936003
0.608971929806
0.590083946638
0.65988808251
0.637975719874
0.591779760126
0.557027143618
0.633525368006
0.613261360422
0.635899959821
0.616506323226
0.657109589469
0.640129873744
0.632789384006
0.637223546662
0.637237289095
0.623722186542
0.59255994379
0.569325641926
0.621596289416
0.605789564558
0.626917826214
0.629321099364
0.639133266232
0.636682842783
0.679317040626
0.671810407934
0.652109607362
0.657086736195
0.648198533264
0.648259032912
0.668557356855
0.660193314599
0.633541682129
0.651343061108
0.601486613467
0.576266075206
0.640293693982
0.623236278918
0.629984436516
0.59746656916
0.626849231542
0.61651931259
0.630700980203
0.626085355055
0.63429766919
0.629488030229
0.605716748801
0.614699992876
0.625288701945
0.616521727902
0.577649288406
0.5498289788
0.589145495287
0.581878761252
0.606559517984
0.609313617999
0.63987679804
0.632384354441
0.645280767649
0.641253430544
0.674002274177
0.675237435686
0.645911967518
0.640953124708
0.629208391383
0.618660361304
0.647170671212
0.654406368377
0.575721848362
0.543039221004
0.636482104433
0.604893558148
0.553362876408
0.53557163576
0.602365010433
0.581241935167
0.616902986665
0.592337539348
0.611278380921
0.605521638745
0.604148670476
0.626256144031
0.640677734001
0.636868095874
0.61205027718
0.591323432984
0.612385646385
0.604778366775
0.612327555198
0.626299284274
0.63237221227
0.63203578541
0.669931439607
0.676745822113
0.623167281271
0.636113889632
0.667928640646
0.66918002614
0.613091304331
0.624278629625
0.630555142174
0.655498371427
0.607073956276
0.58979045656
0.640388292375
0.629870611837
0.638133256996
0.622738375902
0.624778364797
0.623871374828
0.620836518266
0.626095942917
0.615696114768
0.628387137468
0.643218226323
0.633700138825
0.64095657553
0.620918609834
0.59584718046
0.54200914245
0.619902744571
0.598047564767
0.627129443537
0.621598703432
0.629111618345
0.610799682126
0.662788033668
0.651456149
0.661892374643
0.654969872432
0.648172365629
0.630866754742
0.651685534709
0.639733637625
0.662077748377
0.622304602657
0.612871349039
0.545695125568
0.646774255093
0.611754942671
0.595988902039
0.537073052979
0.627289780408
0.583763297883
0.638084650584
0.602350005484
0.628107352257
0.607778343039
0.590711426421
0.643107960292
0.610243994181
0.629744859517
0.642481534444
0.644096777518
0.622213653327
0.647585910704
0.596284164738
0.635242386206
0.577003415511
0.58130688684
0.600380170106
0.622231574664
0.585034673148
0.604133593535
0.580331116365
0.596811265289
0.555939589362
0.577977912299
0.601273075485
0.61524618811
0.557176300471
0.614921807008
0.65104112577
0.646421625706
0.625992007442
0.637084100576
0.618116538068
0.638223243634
0.621454421069
0.639057471576
0.592234912798
0.616982342916
0.635211333087
0.662115477327
0.664920185054
0.669584489672
0.656127512993
0.644253562938
0.660001858584
0.663028473013
0.635895912841
0.65334389421
0.633865855699
0.643140423644
0.644058477062
0.65529512856
0.644759818781
0.665426313149
0.628290343025
0.646699931716
0.622588015408
0.64340484145
0.64115561964
0.654979522368
0.625088370559
0.656330286395
0.656224557724
0.648735623125
0.63073759424
0.634226428674
0.65222988434
0.657081525353
0.659648772969
0.66805434389
0.64432325797
0.65537873503
0.574279190452
0.614317862177
0.623197432562
0.639180097112
0.62889311468
0.618520592819
0.630022435041
0.644600094476
0.588796585794
0.617290476867
0.589864923631
0.606298535952
0.605342754073
0.643080250251
0.558077567887
0.587535281121
0.611872943548
0.627971033801
0.532135666034
0.552064786376
0.623616338199
0.634222021216
0.544122970244
0.591810018891
0.637122515787
0.624650631258
0.626526446013
0.625975299838
0.679342992688
0.690763714935
0.653587228704
0.665998135795
0.623780474793
0.647803022002
0.60807195645
0.640000642384
0.652151694626
0.647202452211
0.638045902645
0.626738955371
0.639311797643
0.633830678234
0.619169466863
0.632119180036
0.614819008768
0.618359978624
0.641594610737
0.652267979446
0.623056071125
0.627561060851
0.620733266634
0.63312638926
0.586673012572
0.604499891201
0.628217245032
0.626067664804
0.590416704282
0.634101431439
0.640275134083
0.610267093244
0.652824785103
0.640432612363
0.690014311896
0.675407628924
0.688520291281
0.683975434139
0.677675172068
0.684819247595
0.626937248869
0.643025047782
0.640283285165
0.64496601233
0.618041876514
0.608925015846
0.632152560766
0.632377846108
0.628084686557
0.640859412687
0.623017957778
0.627890422688
0.626454049877
0.642582516541
0.610445887607
0.627207367389
0.620220561452
0.633311657848
0.584609862935
0.616011847468
0.616296455325
0.620423259504
0.600370393327
0.636689745915
0.633794676373
0.615723678238
0.656757204944
0.64918872259
0.662097879352
0.65829516222
0.682947098319
0.686781342382
0.675168001321
0.691590770117
0.633085250666
0.644941205762
0.646424101398
0.64412642272
0.619642499885
0.60850256373
0.637900041829
0.625720358291
0.634485545703
0.638673894156
0.646624005656
0.643441328158
0.645908450479
0.652506045193
0.639004390134
0.655520980945
0.631114026624
0.634068161037
0.608577626805
0.61749370222
0.634198692501
0.616734438624
0.610336265652
0.634896208663
0.61923647274
0.601850554129
0.652441277208
0.632710093572
0.643619234178
0.624822506536
0.684489473769
0.679841123692
0.691053142335
0.680960545475
