0.629462122534
0.624449357787
0.520726142398
0.520447013956
0.593969626795
0.58976464814
0.628132775977
0.639259891707
0.5810254448
0.583578955884
0.622101977005
0.627433134574
0.588909683883
0.593987745346
0.580793997249
0.592774397563
0.538793959375
0.553354378399
0.58900102783
0.593266819018
0.588482295865
0.610432357745
0.556171172491
0.54708825649
0.61274549323
0.604930363143
0.565783480195
0.55718301792
0.532549751337
0.529870607727
0.590288627311
0.588232034109
0.574285694045
0.577535657804
0.610632472387
0.621865512103
0.578063594181
0.57211925564
0.598092148511
0.594624014034
0.623357580758
0.634428582104
0.608456604562
0.613437184086
0.611317776703
0.62921204502
0.573779913037
0.606161913911
0.593258426501
0.601009340935
0.55493026384
0.587672060747
0.607857940527
0.616097342861
0.57411632008
0.601358941453
0.540576840854
0.545505646485
0.617953403745
0.618478997899
0.597173360354
0.596487862888
0.581047395639
0.597910366806
0.607448696319
0.62010517681
0.586739452705
0.591463461249
0.523808014748
0.53263278948
0.579623668939
0.573135865348
0.539853471566
0.5497745674
0.543908438689
0.550202395773
0.536672899688
0.536160152348
0.515390057429
0.549368759056
0.51786641389
0.547300830375
0.496882611633
0.540590225105
0.502490528082
0.527092579946
0.550877189975
0.568617172372
0.481220783859
0.519168264622
0.600003816569
0.595665720293
0.601641984889
0.605180505246
0.567604212462
0.567578545172
0.577412433276
0.58807144495
0.567083764403
0.569973480594
0.526742363698
0.545769486808
0.598339827075
0.604195555908
0.604241381335
0.59940665223
0.540648911107
0.544408034974
0.583981245362
0.583860175551
0.554727332349
0.556276869452
0.596479826078
0.602335887344
0.554407388633
0.565697108137
0.568869813967
0.576876668565
0.542285554467
0.549274891999
0.575462534373
0.582920228366
0.571187027231
0.588188068539
0.571116144493
0.558626418807
0.608527970553
0.599476957404
0.582654972078
0.571251852148
0.568963098541
0.571398815257
0.601898281398
0.60174251923
0.582001196546
0.587280259342
0.638924020796
0.629246950138
0.631242170757
0.622146908574
0.547642336979
0.542163144798
0.579033964093
0.57842311531
0.640693365622
0.643017745053
0.626287498887
0.624260624508
0.603022018191
0.607751397758
0.593048532917
0.601329566625
0.5594861208
0.573375230252
0.600573776518
0.595630797446
0.577888184442
0.599517327844
0.551857533752
0.54991797387
0.614433991807
0.606433974586
0.569948158415
0.565395600648
0.571881291756
0.56436319463
0.593590138838
0.593212989483
0.586208317409
0.587127670954
0.582528634857
0.579193988002
0.613068456279
0.610605468528
0.529362841362
0.525706724164
0.550622233334
0.549977259804
0.643965501846
0.642129996129
0.63691169703
0.649816806228
0.628128723073
0.635698562059
0.615794178513
0.620115081121
0.599175626655
0.61044148106
0.599078784844
0.592702889432
0.58852370275
0.595528416965
0.524383031085
0.520373390143
0.588687256731
0.588862536594
0.586895049185
0.592114129043
0.55477113126
0.561790750647
0.588370961464
0.5922471046
0.588304496997
0.590597393711
0.642100074681
0.629279213685
0.634519687549
0.618278136777
0.556206363496
0.530594759851
0.605020249055
0.60336784698
0.635448685211
0.628626133274
0.648401890115
0.636166527583
0.641760401924
0.641344801687
0.645878838388
0.645473234039
0.596815552515
0.617170340853
0.660708922457
0.64056022842
0.609782758978
0.635420713241
0.557130424762
0.532503256868
0.624904468975
0.594878212084
0.620021077201
0.584123131298
0.599225778537
0.584276786343
0.595714011814
0.582453826651
0.612962289846
0.605670294553
0.609059476345
0.597371426288
0.613162139894
0.585916297084
0.536117799724
0.512890387469
0.55395067464
0.543894452147
0.604488548761
0.598419065163
0.649366720116
0.634419322025
0.645847185783
0.642289777562
0.629278843413
0.621511345769
0.647465385468
0.658555111441
0.619553820951
0.591125923396
0.639451660547
0.646280179882
0.542636288449
0.52036700484
0.62198155395
0.596709286875
0.552275960135
0.522002304224
0.590007464317
0.567047809919
0.604964724915
0.596807371761
0.621308168455
0.618146665386
0.599723153095
0.588896130907
0.609732141292
0.592446228215
0.527203440931
0.495465624163
0.575711623031
0.561369528999
0.603871871156
0.593162986463
0.620258023504
0.613362888888
0.650112804499
0.64358081596
0.62246315695
0.622373855242
0.601559793693
0.615539493938
0.636018743546
0.605823585355
0.592612048131
0.606013639143
0.523742182413
0.494719541607
0.604413885257
0.585217695738
0.600359593065
0.576367502727
0.580559435284
0.576173733216
0.606761245023
0.601667283618
0.60881146846
0.600895254043
0.563623286943
0.562388965817
0.583557603235
0.566164971015
0.513160531213
0.501738055569
0.54993724301
0.535365420173
0.562451045196
0.560219823671
0.614689994996
0.599509462145
0.618652487116
0.60164594847
0.649518496633
0.638413990826
0.606561950066
0.605458292089
0.591022037421
0.570172413348
0.622498560896
0.622247186447
0.493798256642
0.466990501302
0.604814629656
0.570541956955
0.523255223462
0.504974968337
0.545132846736
0.514671443325
0.580587479716
0.563243724988
0.568074228976
0.561589395097
0.600889088266
0.587335425879
0.60792069878
0.601556534629
0.558501520373
0.540515010491
0.565495661431
0.574619976031
0.592353941049
0.597352113475
0.600513479243
0.588036186734
0.649821980994
0.659340695541
0.598884477461
0.605430196111
0.622428533146
0.636356564803
0.572191803504
0.591092608562
0.572107846766
0.615242834255
0.556891212382
0.535326211527
0.625512895231
0.614668267013
0.605850518259
0.592508885058
0.575442660493
0.57632653205
0.578553710236
0.582388838015
0.578921209401
0.579179839757
0.614820023737
0.592565782716
0.60851592194
0.583785712004
0.521784756635
0.475404408293
0.594856008809
0.570548075701
0.601637107145
0.578931280726
0.606403554652
0.584717846103
0.636096442043
0.611408974565
0.644040594862
0.625936208137
0.61204061168
0.598829500566
0.617402923311
0.617683345924
0.628487220632
0.574861440776
0.512543891287
0.474190400026
0.597400068296
0.560293467847
0.544294305381
0.49819127842
0.575546354522
0.541569764124
0.601171922824
0.57068038832
0.587501411945
0.559145312136
0.549462800235
0.56096359229
0.548491353117
0.54619100826
0.595501868076
0.60279128382
0.560200888793
0.577825260541
0.550053931396
0.553207196731
0.527535874852
0.53007952916
0.506745497876
0.542034841276
0.528338419533
0.558691920946
0.496523854612
0.529803507525
0.476474451674
0.502965275479
0.553986161864
0.559503048276
0.474299908382
0.514421629221
0.600973555569
0.606331018362
0.567100156834
0.574205688407
0.526461111998
0.55388878628
0.569507712312
0.568313534282
0.523327666636
0.541511645491
0.618466981146
0.622588769914
0.626100565159
0.621932351603
0.601678224607
0.609154120714
0.611257469043
0.626062738421
0.618034154906
0.627023463371
0.598184645533
0.596609106139
0.602940674236
0.624872004603
0.60007932208
0.622493363824
0.592612026177
0.610712243064
0.576579212203
0.616110687385
0.622478399514
0.629170952519
0.564570906774
0.602177100869
0.606868114653
0.604769363287
0.587895223718
0.592400790237
0.594033312272
0.610489789883
0.612039315518
0.616959028909
0.5918599216
0.601687660822
0.534571570599
0.550028268524
0.603510763861
0.600959967302
0.565354781947
0.563644696324
0.575490731355
0.577250394871
0.567597534656
0.571737239931
0.583164565761
0.58813704286
0.583551432985
0.615259710764
0.515200631025
0.556516706136
0.573165918927
0.600187047485
0.504905044637
0.533598591967
0.592143125294
0.604787229984
0.510673732457
0.549263183883
0.569820626035
0.563265218263
0.589732283445
0.585495974955
0.630156591571
0.651546816691
0.618956026624
0.625780194021
0.584773643745
0.603301245552
0.529785605993
0.540591589403
0.603897204209
0.588022555257
0.57820253984
0.568279548419
0.564415518894
0.560867764932
0.578999317249
0.583109951951
0.566277191822
0.563429588758
0.584901457223
0.598040205084
0.583435935659
0.604047245075
0.559159226696
0.585571680146
0.524535202578
0.548989194155
0.569110126717
0.581750463963
0.514683560144
0.569038154712
0.563031032261
0.541347794814
0.597246904371
0.587394327419
0.656246075673
0.634856256436
0.633873957129
0.638730006076
0.618752558853
0.64505935281
0.588862601013
0.594390839615
0.617614295935
0.61285021049
0.559152052966
0.562183894506
0.601663871669
0.607574196414
0.593829456277
0.592690150229
0.594172493159
0.590694920345
0.575244798445
0.596428663492
0.589449520677
0.603936372298
0.597123235575
0.608497953464
0.564422002254
0.581686626519
0.583412478029
0.59224817819
0.574713295563
0.604253901729
0.562427707564
0.563942719432
0.615908728936
0.610320490601
0.624149380957
0.619463807666
0.630912402508
0.632606703638
0.642009734254
0.656146543724
0.575998362916
0.574156498732
0.594242167282
0.584164813963
0.536197658938
0.521409739717
0.581422689383
0.580032103105
0.589386724861
0.590553013047
0.593679885143
0.594569495793
0.606719257802
0.6108534909
0.615722699816
0.617829525928
0.589768386604
0.608004473617
0.553898543568
0.565643442255
0.580107733693
0.577308654518
0.555914644503
0.591010569145
0.53997445324
0.526326018688
0.593691063566
0.586884151685
0.593510966576
0.578363448757
0.643280169998
0.632155403872
0.65462312819
0.641484820963
