0.58328501005
0.542619780754
0.579742568105
0.44934202566
0.587369765051
0.496586654754
0.545155872813
0.586432486551
0.525199622223
0.556796211242
0.586564728203
0.46216241202
0.547432632424
0.498696856047
0.543748476869
0.476343186089
0.504685995076
0.507984934323
0.564187969384
0.430447576049
0.539446056469
0.503151936821
0.583935068507
0.45800380514
0.598183479086
0.484350367262
0.583167451316
0.448654461151
0.575551628465
0.503047734629
0.580083123732
0.499703641918
0.557744886199
0.519260442922
0.553618590908
0.596041609545
0.598401019232
0.496413069632
0.581227437427
0.534773403097
0.542854341577
0.603892193848
0.532199603594
0.594418781789
0.574963687616
0.501818830589
0.532667210391
0.543101315761
0.549684866842
0.526264663739
0.51804091796
0.547077644436
0.564008003537
0.472832583977
0.526223888241
0.533796609197
0.577019476431
0.489765947834
0.606132533663
0.544271266064
0.617394597133
0.50598941165
0.591665248569
0.558837130825
0.584331880481
0.539366256442
0.556663819375
0.539705241332
0.447295673276
0.590837877853
0.486709533542
0.596001756604
0.507662921876
0.567953380369
0.438892477322
0.601295998004
0.453404069701
0.597601212672
0.483676460082
0.528649898188
0.463782731606
0.566049168911
0.463913981464
0.530539056696
0.450106165
0.556593226442
0.486864961942
0.494491849114
0.426024992183
0.553761716318
0.548818866055
0.565364881401
0.531972888695
0.584993518196
0.555143837914
0.549921175411
0.53770227034
0.594732521834
0.495828185514
0.566899438027
0.46777700142
0.57064247595
0.506781734493
0.603466566686
0.529868278069
0.578635764882
0.565395394381
0.512504877748
0.482792395678
0.594056290985
0.48511060637
0.570617859762
0.529451242936
0.497974057077
0.487747179186
0.528132089164
0.514879336609
0.52127208205
0.478769591487
0.537913961335
0.523935318443
0.458675740752
0.483555927521
0.545661274879
0.570329846756
0.509227545295
0.570290615275
0.544533146259
0.606292124492
0.514881137095
0.573327979285
0.571605468155
0.549074698437
0.556273924164
0.528678749784
0.559167601652
0.594932341918
0.555590025184
0.600458123224
0.54038649251
0.591310785618
0.450546870485
0.58721697881
0.486047430704
0.587108744789
0.588699201054
0.595122897917
0.457241540253
0.569571700341
0.484388751648
0.563263720495
0.465598750245
0.53055571365
0.481494523201
0.592248382934
0.421298480399
0.54666218114
0.471607790774
0.60057737014
0.449733649615
0.60477291006
0.474031067997
0.607614214998
0.449083056912
0.596755999508
0.499593323066
0.598743645415
0.499661974423
0.578460569108
0.514552620064
0.57459982655
0.535688872441
0.597177531415
0.537613306151
0.600134152489
0.457700621553
0.581663405114
0.487445290175
0.591849076362
0.588916922928
0.62021331879
0.476910044769
0.585586680511
0.513076555938
0.593708905173
0.496004225475
0.563418956251
0.504136575006
0.593164889198
0.435492389056
0.554629291426
0.486052075958
0.585804637047
0.45275183003
0.608200542439
0.474239737309
0.616530157856
0.479699409149
0.611676955388
0.521132980626
0.617631604747
0.503209687255
0.607684380444
0.521306882826
0.459894810062
0.598991219668
0.485786783966
0.572231681978
0.507814894922
0.49053707124
0.498178232332
0.534233326109
0.45185082615
0.599582295779
0.463173325781
0.611094721562
0.464868992711
0.543689066359
0.486396840088
0.533178683214
0.448841938942
0.543208473839
0.512616887979
0.473887712099
0.460461799018
0.541455027901
0.499409789514
0.46983758183
0.507134186483
0.505575698576
0.566548933449
0.496726820542
0.523920869596
0.558685686771
0.491511483303
0.526758590328
0.484848503199
0.55286846624
0.507405807923
0.556878942922
0.545363792398
0.533213392782
0.569462999681
0.476391535092
0.539686060951
0.489377741825
0.488168199567
0.57779564594
0.520917870496
0.594356847977
0.55827590399
0.463327525396
0.541126987269
0.493833580994
0.52990059719
0.538280782069
0.552167077879
0.436966313285
0.5178537449
0.519978014787
0.558350631725
0.462109269493
0.574385446697
0.502088781114
0.571658563669
0.455141579224
0.575498271951
0.533369092722
0.543239177954
0.507195717042
0.535139566024
0.535228655649
0.481691543541
0.550446429057
0.523694487412
0.544155180742
0.518424087425
0.461506038742
0.523045589437
0.509323033158
0.465560440282
0.566030092693
0.493572475562
0.59032681437
0.538771437026
0.491844819387
0.494304626421
0.530391810403
0.489459588389
0.535328114493
0.550647207025
0.467625519409
0.484393265534
0.519808925871
0.52014039478
0.452946260671
0.535530357999
0.49833920664
0.593606283792
0.496020366709
0.55100325932
0.542990325307
0.538411153764
0.516678020549
0.511978629772
0.539905498703
0.512268565865
0.52311160558
0.540023131829
0.518017416551
0.540702879285
0.454745350272
0.528019450011
0.475180912285
0.478441656413
0.522512387247
0.505827044535
0.566579201107
0.537408232897
0.441129966995
0.537777837683
0.527557516118
0.523601094019
0.485174612907
0.528493806111
0.421498776047
0.507717132936
0.501668628826
0.529452144012
0.439993676343
0.55327426716
0.484545206695
0.540376805788
0.444199647424
0.561036473614
0.506754769724
0.552577089329
0.493307102223
0.512929570297
0.50559460919
0.415165286583
0.561564746934
0.451112204719
0.551002395296
0.483512686016
0.479289592252
0.447391431201
0.507985725669
0.413674633209
0.57770674224
0.420464075274
0.582494015196
0.454566402194
0.504953965212
0.443282963426
0.534978918776
0.461324961019
0.546193281518
0.416459424706
0.534849278346
0.416528733086
0.543393114907
0.4729964822
0.478501651113
0.475329081955
0.513941495294
0.533171199582
0.50209584971
0.494950162159
0.537554034034
0.451533840238
0.51723514242
0.448614328604
0.542973236044
0.50571709368
0.550456159808
0.534940506115
0.516940819973
0.539450881079
0.433570208783
0.537210135079
0.478860094761
0.472957705557
0.544774252343
0.480204956756
0.543283714573
0.538322720284
0.45169281433
0.515125403004
0.50425907566
0.521535518048
0.481468313952
0.50401624984
0.501429713179
0.550207240343
0.411478007296
0.533017068885
0.430716488762
0.558061806209
0.473958475055
0.571994095699
0.432830724308
0.559068107745
0.505765153411
0.532945748402
0.482163853025
0.509528496625
0.494149154539
0.437024901194
0.59746424087
0.476223970103
0.580205167647
0.560375831933
0.556154094159
0.498256061287
0.57177056458
0.437014194243
0.606139624381
0.453392288583
0.580612114845
0.456212072571
0.500794738813
0.464560373759
0.55116415081
0.449804035479
0.520003223013
0.43324815959
0.532369784706
0.486402241222
0.486886021147
0.427217250697
0.542242960198
0.53348316404
0.572403694198
0.565943151272
0.545969059254
0.522743111801
0.569780912107
0.493437082985
0.563186502593
0.455942907926
0.559988404729
0.50383636767
0.615087682319
0.539608777073
0.607032429259
0.588887016228
0.549936940299
0.55102269318
0.485281476233
0.623631393514
0.487130072616
0.615522956131
0.520067900663
0.522661935698
0.505401142408
0.575487023249
0.517220901331
0.541715166485
0.497067271831
0.572404911792
0.532608287786
0.498493193671
0.49104818383
0.568360129509
0.574015425539
0.541003230311
0.594075215893
0.530900576617
0.564418013246
0.597318009717
0.552393018994
0.578109614608
0.513616937468
0.579206354337
0.443339305346
0.59521234307
0.506898499083
0.613314349085
0.545839729332
0.556187974442
0.517511996148
0.59983516611
0.451757160197
0.612419530162
0.472773308941
0.615063701712
0.498113647827
0.560657833273
0.45385255338
0.572831963335
0.509499487193
0.597777303889
0.440566809736
0.549004232921
0.515417135689
0.546384090808
0.443709993897
0.576920652848
0.553176056423
0.565237791915
0.526032471136
0.582162194997
0.565994795232
0.645732314936
0.526051531831
0.612181305212
0.489461840633
0.610608745874
0.510139537527
0.587835208705
0.557324399478
0.585011558872
0.590646437863
0.532815354706
0.566731040257
0.56157777617
0.501492735129
0.601212211655
0.512237815046
0.60444196373
0.556897262816
0.532822568493
0.530419381613
0.573680298442
0.551578951681
0.555029413363
0.509842091465
0.57196808463
0.549667950242
0.504754508789
0.503931893588
0.554050693316
0.577846683673
0.536945594519
0.58882508123
0.560860974568
0.643510018927
0.560103402214
0.592436691659
0.594041332533
0.551388004551
0.608801733966
0.500094321283
0.577290651861
0.542661230917
0.581584482296
0.567223900243
0.503336441783
0.559503489046
0.547839431997
0.489791724066
0.597093137205
0.511629805822
0.608818611787
0.521249527443
0.504468907168
0.51636538208
0.542342470548
0.535264646654
0.541031232193
0.499851304201
0.560090844216
0.534732039877
0.470955101903
0.491496135896
0.550329480569
0.562497799842
0.501762564006
0.579965764612
0.546436599271
0.612801283091
0.526287722282
0.596654929596
0.594050483949
0.545771916789
0.605799655342
0.527890565226
0.567139528871
0.55399483924
0.560038119287
0.566102021325
0.476099024096
0.56966424975
0.524354557348
0.510792385578
0.576233147781
0.533183071985
0.602805301514
0.558637145698
0.488304845755
0.544587851316
0.527400903331
0.555778348446
0.510046898518
0.510277002504
0.523240944709
0.552326452818
0.455731328294
0.511211009557
0.518133485397
0.561601226
0.463061779216
0.580105141079
0.498656664477
0.606925388692
0.475852828848
0.602742405834
0.553453717904
0.614983225152
0.531694656314
