0.551777239983
0.54416794821
0.560541171188
0.503419750352
0.585596684252
0.551994926502
0.57145142566
0.602402733563
0.537292976931
0.539961298431
0.578399113449
0.467213996697
0.558566887174
0.45176370802
0.564253646953
0.498786670369
0.53492585245
0.44712506006
0.550229371669
0.479468018318
0.530150364577
0.509915762648
0.578351126425
0.492342992024
0.586113286163
0.537618558776
0.571793187376
0.487167519371
0.596610080745
0.522995144493
0.58602762172
0.564990152021
0.562060458236
0.546307805507
0.53971725838
0.58266941845
0.574473551861
0.528611704097
0.565725875958
0.561639582183
0.547567382174
0.572222423775
0.541622203467
0.57623866726
0.563600894955
0.464271889721
0.551382276135
0.484783871322
0.553141540005
0.522908736015
0.533816832223
0.487892401392
0.567291764019
0.504714408712
0.508549873138
0.522516560733
0.580880603209
0.476394995949
0.587629717405
0.577541993544
0.553529296836
0.555281898725
0.589218226135
0.589833033151
0.569662870412
0.604048380263
0.547373458505
0.554606813977
0.462455315581
0.590917851719
0.476226037403
0.581835536755
0.488286258251
0.568497450022
0.465073765299
0.563669166191
0.453519114447
0.528000261895
0.49723912193
0.523329371754
0.471424278515
0.499336185303
0.474653416746
0.495316878249
0.47043449022
0.43611888793
0.484506907066
0.509378101143
0.441873704446
0.530349291653
0.544935107666
0.54863612357
0.538265750678
0.596934052055
0.525080628245
0.58141902885
0.557934687028
0.608460394788
0.47444307833
0.601676039366
0.491597624757
0.586755322225
0.50402618206
0.595591073979
0.529795316542
0.580138098597
0.554855340381
0.531104709663
0.509926465702
0.570156623213
0.490864271035
0.528901475926
0.51836027483
0.515774558958
0.514381960806
0.45817621294
0.528023760544
0.528664038585
0.494300683945
0.477936155047
0.523428464578
0.520475362051
0.478422226656
0.532005697838
0.568722910877
0.534229830656
0.536357745866
0.563676087438
0.561598240492
0.547585628276
0.575172783015
0.569689691664
0.556580218246
0.601551271624
0.511499034919
0.544540201663
0.609528983823
0.566798600727
0.506255965812
0.552484003426
0.544249549999
0.495424292232
0.549939748141
0.525509207033
0.58157610971
0.51533133729
0.571989879628
0.464093882288
0.573891294234
0.471250118183
0.547102220139
0.503447071815
0.529377938388
0.48678421727
0.563298261468
0.497064852408
0.530162263007
0.51147779681
0.586394183595
0.483912924723
0.563209466639
0.533461841942
0.577460130799
0.502876361745
0.591013616399
0.52896058973
0.579011722889
0.580655644956
0.557060684552
0.553942021433
0.485935134056
0.572529402304
0.524865788266
0.546047190077
0.520337267145
0.483806733909
0.527048811055
0.524149167771
0.578875434674
0.613823168911
0.574786750302
0.498130969933
0.541942102219
0.513527894614
0.531235474899
0.487314342596
0.526901923444
0.466369085676
0.533916000861
0.487658758261
0.481097534365
0.509647516223
0.528552653944
0.468407445605
0.505813219846
0.509407278423
0.529890804554
0.519353242161
0.560190473551
0.525714133343
0.55164696249
0.563242092886
0.512674548882
0.551325642019
0.43009095334
0.552380950069
0.44742659467
0.555613638707
0.481321941854
0.49916854082
0.467307339374
0.529183838045
0.443481354675
0.580483043695
0.473472574103
0.562613334155
0.470370726378
0.453402142054
0.458304127372
0.522396440478
0.438315534949
0.481336550686
0.505068190456
0.508091165811
0.409773463215
0.534197032675
0.493850168294
0.493005411097
0.491722308183
0.52394431639
0.504970451628
0.543970041046
0.503332667835
0.503648282968
0.426407273605
0.581312224326
0.487109656083
0.557780436357
0.408639349089
0.583343133637
0.422990069763
0.562723686463
0.426815038317
0.507964002983
0.412669919453
0.547635421148
0.394853503293
0.565089808666
0.489542113209
0.557897261723
0.470078668201
0.507582090376
0.429676062986
0.535225886433
0.500999544487
0.531410077241
0.456063834531
0.521871175241
0.407124288328
0.574730712993
0.48848605708
0.462265006669
0.493622157416
0.553476397038
0.370763135406
0.52836694602
0.456342131161
0.565467155028
0.407559224312
0.586368615647
0.472961518776
0.563032178512
0.472459813271
0.565457237016
0.46767117134
0.546645810951
0.473511712351
0.469952989714
0.498007692049
0.535639740383
0.479014082323
0.56441432543
0.494916681632
0.519802272959
0.515356486226
0.521403303648
0.512897351372
0.477111535426
0.497015809725
0.513861089486
0.530362657086
0.485251413395
0.481032575208
0.532427047028
0.522425706108
0.468370776848
0.469852955275
0.512820208176
0.485151067867
0.53801121855
0.519396777431
0.548340310411
0.502724446904
0.589803038553
0.514318804008
0.557621319272
0.461552105256
0.555941045977
0.425468749547
0.536070526421
0.434225291115
0.488980278297
0.454477650444
0.517716236154
0.435109746323
0.551556694812
0.469655583185
0.545715607012
0.485420965499
0.490343594024
0.502005302825
0.512507385855
0.491688343206
0.521563235004
0.462543760651
0.485684914007
0.437872830561
0.53305991352
0.512259355893
0.446007191761
0.471543666548
0.525503025509
0.453588105887
0.493764654569
0.52878192474
0.52894905782
0.412597910453
0.558003497388
0.414166575459
0.546918422159
0.431864044247
0.531489957316
0.378469810983
0.534576425168
0.484463796839
0.488436248176
0.463044619036
0.531632498573
0.428296141041
0.569342212176
0.449511555654
0.522432109402
0.521952283579
0.51376088754
0.497758644156
0.499617075186
0.511841653364
0.515304163624
0.464094806776
0.480592747592
0.459331245261
0.544988215582
0.514125762635
0.47439983692
0.460606402998
0.530082821663
0.462100635622
0.553993979697
0.477882424415
0.550813202642
0.441632875425
0.577352381201
0.517905792696
0.546059841281
0.493168294196
0.529874452095
0.418616009518
0.520082570289
0.515402082694
0.445445218492
0.517305033163
0.52018750869
0.462764531895
0.529642297668
0.488997888256
0.471851282294
0.528205274781
0.418929090686
0.53072323656
0.45166726468
0.509513686989
0.488043092876
0.525714227886
0.485492968049
0.551536614646
0.481839278231
0.553415122357
0.454436273638
0.46416346113
0.511081660185
0.51422854486
0.43669649118
0.521471235621
0.498990179664
0.499852996057
0.522512141237
0.512737290696
0.504352923164
0.479545112966
0.598589963887
0.446302704943
0.591026002423
0.53286199629
0.573097879288
0.505350500853
0.593659746334
0.475072951768
0.602429167492
0.433409684685
0.559084226117
0.470309812602
0.531887167452
0.462945158116
0.51066772105
0.459972218443
0.528365800812
0.441874678411
0.527769503642
0.498970184833
0.524364827881
0.463676805186
0.547785201533
0.543337436303
0.595598775843
0.516826715391
0.596433528139
0.516301370409
0.59660512811
0.504823795214
0.613786655465
0.476807659384
0.58838880262
0.56131784855
0.620939867203
0.568474631711
0.591840440122
0.58745848997
0.574048516019
0.580332396678
0.604835710791
0.541352198808
0.605311487588
0.514358704108
0.559176455366
0.542099807498
0.543490644101
0.555138746869
0.527198859345
0.523329372753
0.541623199203
0.53616504434
0.523412460164
0.537898846482
0.534257195728
0.525009013869
0.573341963655
0.587606820299
0.546812355354
0.589683837819
0.574649849098
0.592166096704
0.620544525561
0.556537198646
0.623849180453
0.510295538775
0.614482025877
0.480794720868
0.592809367653
0.557955285844
0.583818599461
0.57845267635
0.583547297984
0.556236844667
0.604092055034
0.508127005649
0.597299449664
0.508958525703
0.561055827952
0.562576926736
0.571565950366
0.526311464081
0.499830659244
0.549773806457
0.585357057336
0.49311025526
0.52054896462
0.568078960351
0.570722724618
0.484806648146
0.562406167276
0.59322248473
0.565837364175
0.573004640918
0.593835669698
0.62475787966
0.658613938269
0.558515718153
0.643023591387
0.544964605317
0.626974591918
0.537422110755
0.613574817871
0.595220917833
0.607305111159
0.592780163344
0.575802900705
0.579120346254
0.591276841605
0.540732045356
0.60328216449
0.527283958286
0.577814550554
0.577824061045
0.574627148588
0.564674893586
0.566531733862
0.563064963748
0.56213650658
0.524363725485
0.552592295718
0.559431475923
0.549282962253
0.512857626922
0.574938134588
0.593738724745
0.563377843903
0.607383492397
0.598265230671
0.652276187229
0.638355666142
0.603045271294
0.652254162518
0.566926047485
0.636844036845
0.569590151235
0.595075264198
0.593170066694
0.580374456478
0.58444320591
0.55027449805
0.60259983794
0.587059950047
0.56656586121
0.59262486619
0.569432244608
0.577416697826
0.575985384153
0.539129842676
0.594724593012
0.540039002178
0.578319376037
0.547410671119
0.563044773208
0.539360172479
0.570911212123
0.538400771337
0.556563229783
0.568749934283
0.602779811595
0.541591155076
0.605375771446
0.587657873241
0.633500749177
0.577322313802
0.636858532312
0.614672884896
0.620712871288
0.63315375871
0.573151527308
0.600673027619
0.574912307269
0.576403611366
0.583046333801
0.521397942963
0.588979538357
0.565572463815
0.529501034324
0.591440201273
0.545140371364
0.572816407408
0.588897428488
0.532570809806
0.585366585418
0.531094611275
0.573262552691
0.554376342687
0.552512796916
0.513741391726
0.574376997598
0.545162285238
0.537887818499
0.552235830318
0.585974361926
0.509300752781
0.607066501157
0.55728910061
0.622107761138
0.551901174176
0.618251755662
0.590365783515
0.631111101737
0.62895064832
