0.662769245415
0.627488158646
0.642211110288
0.66367403355
0.625685429007
0.664976168144
0.644582143494
0.640551419057
0.611457976986
0.629711446417
0.642158234283
0.640448098139
0.648710594842
0.617842276404
0.643094150752
0.652833030426
0.642396625832
0.670571686966
0.639718528099
0.644658849843
0.653047469962
0.641073778899
0.660865725129
0.640836371704
0.636248619785
0.626441271859
0.646970338989
0.642888223516
0.633917036396
0.66847926332
0.643144242656
0.658492704362
0.6563487496
0.639892954296
0.636736077224
0.644432618899
0.644450102441
0.62600897105
0.607999653246
0.643053059733
0.625871004281
0.60185267818
0.598180748382
0.630031910986
0.613008221828
0.656738560707
0.662262193788
0.636577251509
0.656800509365
0.636288283776
0.628884050146
0.65576497765
0.648499852791
0.638786818051
0.628858983244
0.614136184766
0.646316880973
0.619426850401
0.622678547954
0.598033913406
0.625837351243
0.627120154545
0.656162211434
0.661429753948
0.650590092571
0.643210728569
0.640879448521
0.64054746179
0.672901913395
0.655984018324
0.623104380156
0.627040274195
0.683129518935
0.663494591739
0.653330534913
0.630224420529
0.614863177105
0.638128428271
0.633843414602
0.625408923225
0.641318242529
0.618944749546
0.633397607086
0.647456856076
0.648051809068
0.636386541094
0.645698811005
0.606363689385
0.611535060712
0.68118584778
0.671927468209
0.666937055602
0.644135701506
0.642341445103
0.646609600228
0.636292109666
0.601493645277
0.627361946395
0.608183030545
0.630847140736
0.64139871
0.653759768036
0.677140459593
0.670850972671
0.637377891792
0.653387104435
0.668775198147
0.670597479175
0.699439031277
0.684957758715
0.659593747576
0.690394142507
0.674888140943
0.636957452522
0.65957729467
0.649072322789
0.668865568458
0.660593587156
0.668459881291
0.658307527367
0.648253080506
0.625007034423
0.628495317671
0.662586658795
0.677170390768
0.704359941964
0.67423552851
0.689737987525
0.659128490906
0.682706588418
0.626755591813
0.669170924913
0.602600102515
0.646868702894
0.648274335443
0.670992221373
0.650697370517
0.635414004841
0.596004812399
0.627939705892
0.639493667178
0.645081468875
0.684480224648
0.669891170559
0.65705296325
0.678492842467
0.655795274057
0.604332361156
0.649225707071
0.635644705357
0.637808862997
0.645599679516
0.648421651673
0.625094519985
0.632717956252
0.599471182314
0.603877606965
0.615329870579
0.644622418529
0.653382528753
0.683485076483
0.655326740808
0.642988048479
0.663227421371
0.591530943791
0.641976303899
0.573516630967
0.618215456422
0.628059486072
0.626242731733
0.63191247163
0.646975542254
0.619172404367
0.628156822348
0.632395677159
0.639294310413
0.685010818994
0.644463842902
0.678762971392
0.63443457299
0.668229071951
0.619785483405
0.646517030849
0.645732380316
0.635955628148
0.636100963124
0.634371951727
0.646497314342
0.642346472226
0.604798890661
0.62572999608
0.635233372613
0.632338006362
0.668048271696
0.675625110402
0.658874421948
0.65473369466
0.66673468183
0.622431045381
0.64840865473
0.602382106886
0.633717073379
0.642538834069
0.642066481583
0.651728789816
0.641637201122
0.657799881426
0.658358593037
0.634048214423
0.600514818496
0.640086156427
0.621018927209
0.60607150114
0.594013514908
0.632176299273
0.628416358869
0.666402114394
0.643571043101
0.646020848514
0.645236916848
0.631196838552
0.666392142152
0.674087042936
0.66203073399
0.672960122075
0.654611694741
0.647072396837
0.665689998329
0.673819744442
0.654442283703
0.653031943748
0.659743936713
0.661319391902
0.666746393987
0.65459995062
0.664237729381
0.674877475095
0.656893967514
0.618201613266
0.64029299768
0.627509479956
0.646472628864
0.614835740723
0.610350408193
0.646767536187
0.59334029524
0.63178319631
0.570369152698
0.640880776561
0.599958282284
0.63698872886
0.639106456798
0.693424586074
0.668746441511
0.643245884465
0.647357408094
0.662855639442
0.646086390315
0.64622497532
0.633891902532
0.629676012901
0.664015613375
0.64343310087
0.636291795442
0.61433588077
0.638184304184
0.637703350972
0.639805178607
0.655720154633
0.690010060155
0.698885771127
0.689819513333
0.649335934096
0.652944763246
0.62899475975
0.646031653295
0.642107619761
0.639837305768
0.654761762864
0.639133219637
0.641540752584
0.61800568698
0.633681459705
0.643033262575
0.636671976527
0.661782415781
0.669678866419
0.693195659894
0.69192760022
0.650398612003
0.645975447605
0.621183664129
0.637918076871
0.641238081665
0.659889033634
0.669569605579
0.66602852976
0.645432921913
0.62894931461
0.636377416955
0.640123421257
0.631460676078
0.64737036509
0.642814678313
0.68867608381
0.692202698875
