0.651633361284
0.560532546083
0.607812246254
0.652204419754
0.605403991689
0.595359511687
0.610477396968
0.601120112675
0.568773771097
0.562864650652
0.616490491263
0.561498073232
0.617520565415
0.579652911323
0.597559857557
0.622337088463
0.606436801171
0.647479099961
0.598237152215
0.61250433743
0.638750172478
0.625182289326
0.602161247306
0.613876092645
0.611082433484
0.590672479926
0.587717107677
0.621274991932
0.590631298236
0.64585783115
0.601128978201
0.621370893062
0.636652660669
0.614594438657
0.566774901946
0.592726140166
0.597595621327
0.563286064998
0.547851049008
0.597149061277
0.57776930794
0.573276672591
0.546172848666
0.571796206763
0.565777192893
0.617983596115
0.635001395142
0.621900130387
0.631092448455
0.613988870227
0.60419083111
0.617856841437
0.624364961645
0.611954444164
0.590568190098
0.576311352092
0.608793491536
0.587939052377
0.60128992465
0.568662042764
0.585467406556
0.606498053432
0.616429848209
0.639747676272
0.633430490944
0.633014917964
0.63251574678
0.626270819714
0.653319088959
0.636658557818
0.556275513105
0.585167487206
0.664577526632
0.575245246939
0.610536453107
0.583733652745
0.569890547497
0.562077094516
0.590591245506
0.564210374163
0.608740613646
0.572941066526
0.598988131239
0.611267513866
0.60113917646
0.603267526098
0.618843199154
0.545204867234
0.566725363293
0.662621171331
0.569060067653
0.623368213663
0.581082109193
0.59741157002
0.539360695717
0.585341739499
0.542492308161
0.57773837295
0.560486350349
0.590517417234
0.600209290633
0.614631214902
0.604323128604
0.606212241917
0.600447497182
0.613409710775
0.570860513765
0.574749463944
0.614409326688
0.670383610059
0.595505937344
0.666546890231
0.648144554028
0.577805175756
0.626368199716
0.623632591146
0.62495040113
0.621281782858
0.626010595182
0.601043188029
0.602719092586
0.556482407016
0.576883772374
0.607546447837
0.630823372446
0.594979486999
0.610699096527
0.661157896525
0.576802647869
0.62518085529
0.568697307027
0.605177352852
0.566300600512
0.599948755507
0.595326294046
0.624662001254
0.600818165014
0.608194676293
0.558180092605
0.596525179876
0.583866228522
0.58328732411
0.664825480971
0.614988090419
0.605089268382
0.644030264484
0.633228130338
0.569276041001
0.620750679856
0.604931288251
0.605140955523
0.62527171478
0.624708800079
0.566497910346
0.568316779816
0.527141333752
0.554013435789
0.556039287906
0.589250140351
0.562497675354
0.66013912907
0.585704591443
0.551827435985
0.598812787019
0.53367795977
0.577527486465
0.533558641542
0.566206066546
0.572506369799
0.560897495875
0.565450324778
0.585439575454
0.556726717135
0.57658390961
0.547592384482
0.533872850618
0.669470054636
0.582715714654
0.645681591603
0.565649382423
0.635718438051
0.564681383653
0.614282950142
0.59741656085
0.58752171155
0.585631392884
0.580278110896
0.621705430949
0.623365616514
0.551662353198
0.604271196107
0.594105550948
0.589516034716
0.64657428345
0.632711230941
0.635966876078
0.61314726874
0.642064406415
0.567116811888
0.628622208485
0.577868818187
0.608803781828
0.632319393009
0.623740139687
0.570754022288
0.593952891659
0.625316685768
0.611586558424
0.57494290525
0.552429622828
0.579379060503
0.579791255654
0.580101327645
0.552039514563
0.574729031014
0.574064659093
0.644212369655
0.622753128601
0.621806776735
0.607499368967
0.583616827807
0.629426033962
0.653738648972
0.629962179429
0.639647003093
0.619811538407
0.596648622418
0.629474125795
0.62042881347
0.631291807587
0.594364444625
0.619463955805
0.639298634595
0.642210485135
0.621202965195
0.638363804067
0.653031615747
0.6343924938
0.571069205828
0.60813754313
0.616530491477
0.635131830751
0.574835277687
0.570416841962
0.625244549342
0.581264647349
0.613120936656
0.546083166557
0.602810484916
0.576114855571
0.628727401326
0.615245578883
0.68638467357
0.654137803827
0.635555606754
0.598650231774
0.6247280588
0.625185283822
0.632936733028
0.601444758046
0.59288565751
0.623476139494
0.613308218242
0.608748429388
0.573203225365
0.584871932966
0.605080497477
0.62083544969
0.626347229192
0.681664087292
0.688959727767
0.679147395233
0.614840576383
0.638045430607
0.603584164486
0.628006972584
0.607353869016
0.611229305889
0.61890095938
0.611241559862
0.629668994691
0.58333746985
0.593587711833
0.627787677342
0.600034387548
0.642456830128
0.651320357619
0.679301830797
0.685317410885
0.616385029868
0.618934070034
0.598270185827
0.626784431037
0.601977634388
0.620962589778
0.625785222788
0.629314108263
0.62717000038
0.585157945504
0.588776708917
0.619883210941
0.5857713875
0.623360053361
0.629766005305
0.683455865331
0.689954911649
