0.978344629246
0.0
0.0
0.0
0.0
0.0
0.0
0.0
0.0
0.0
0.0
0.0
0.0
0.0
0.0
0.0
0.0
0.0
0.0
0.0
0.0
0.697168451055
0.689063800931
0.65987251255
0.652655728169
0.578807962727
0.571945033269
0.566777351544
0.557960586058
0.532426576798
0.53241880786
0.444815232975
0.426703515192
0.519041707304
0.536833472431
0.0
0.0
0.0
0.0
0.0
0.0
0.490410517237
0.493452866252
0.574365184236
0.569229963356
0.498698870535
0.491240799201
0.472015136508
0.493426167606
0.507322966847
0.518262506715
0.0
0.0
0.0
0.0
0.0
0.0
0.0
0.0
0.0
0.0
0.432693623452
0.410214143756
0.533459435348
0.524027555225
0.532920378193
0.532146706219
0.497032836997
0.480912982856
0.0
0.0
0.0
0.0
0.0
0.0
0.0
0.0
0.0
0.0
0.0
0.0
0.619634524901
0.632721922289
0.513003851369
0.540415526786
0.51817076522
0.532816160852
0.558273703307
0.541675376065
0.557446810686
0.575142371677
0.552528580797
0.548213964185
0.0
0.0
0.0
0.0
0.0
0.0
0.0
0.0
0.685658051578
0.654831122529
0.0
0.0
0.0
0.0
0.0
0.0
0.0
0.0
0.0
0.0
0.0
0.0
0.0
0.0
0.0
0.0
0.0
0.0
0.554954121379
0.542410183418
0.0
0.0
0.0
0.0
0.0
0.0
0.0
0.0
0.0
0.0
0.0
0.0
0.0
0.0
0.0
0.0
0.0
0.0
0.0
0.0
0.0
0.0
0.0
0.0
0.0
0.0
0.0
0.0
0.0
0.0
0.0
0.0
0.0
0.0
0.0
0.0
0.0
0.0
0.626778584983
0.617562332766
0.661724217598
0.656608259869
0.616694936465
0.612713909048
0.0
0.0
0.0
0.0
0.0
0.0
0.0
0.0
0.0
0.0
0.0
0.0
0.0
0.0
0.0
0.707502655715
