0.00243169357079
0.0
0.0
0.0
0.0
0.0
0.0
0.0
0.0
0.0
0.0
0.0
0.0
0.0
0.0
0.0
0.0
0.0
0.0
0.0
0.0
0.0430575119752
0.0430308951407
0.051863030227
0.0552575027157
0.0669328659786
0.0729334337225
0.0767401230516
0.0769908555464
0.0935273524868
0.0907652097884
0.0915603890923
0.0995380830644
0.0769785255579
0.0798271009123
0.0
0.0
0.0
0.0
0.0
0.0
0.0948734050177
0.0891829294311
0.0555054091178
0.0619308889545
0.0787882056435
0.0906145014114
0.0951747095918
0.0713456255299
0.064808670985
0.0666233966401
0.0
0.0
0.0
0.0
0.0
0.0
0.0
0.0
0.0
0.0
0.0980201920861
0.09581395731
0.073700365689
0.0689535803065
0.0771693096785
0.079088806528
0.101285277148
0.105976156631
0.0
0.0
0.0
0.0
0.0
0.0
0.0
0.0
0.0
0.0
0.0
0.0
0.0596997817057
0.0548798965268
0.0596099259535
0.0594882741634
0.0655490704937
0.0708574640633
0.061301022435
0.0636019652186
0.084532096186
0.0823173131927
0.0684480248581
0.0774926376514
0.0
0.0
0.0
0.0
0.0
0.0
0.0
0.0
0.0336099548442
0.0472384362484
0.0
0.0
0.0
0.0
0.0
0.0
0.0
0.0
0.0
0.0
0.0
0.0
0.0
0.0
0.0
0.0
0.0
0.0
0.0654873976832
0.0855603966009
0.0
0.0
0.0
0.0
0.0
0.0
0.0
0.0
0.0
0.0
0.0
0.0
0.0
0.0
0.0
0.0
0.0
0.0
0.0
0.0
0.0
0.0
0.0
0.0
0.0
0.0
0.0
0.0
0.0
0.0
0.0
0.0
0.0
0.0
0.0
0.0
0.0
0.0
0.0735011236235
0.0805543783429
0.0420171399684
0.0476151801316
0.0518127003834
0.0545005075991
0.0
0.0
0.0
0.0
0.0
0.0
0.0
0.0
0.0
0.0
0.0
0.0
0.0
0.0
0.0
0.0477463302068
