0.00174678673698
0.0
0.0
0.0
0.0
0.0
0.0
0.0
0.0
0.0
0.0
0.0
0.0
0.0
0.0
0.0
0.0
0.0
0.0
0.0
0.0
0.0653920085791
0.0564182892831
0.0706359730181
0.0738402001074
0.104440686312
0.112431957088
0.0739503648246
0.081407243404
0.112772754047
0.112114260032
0.130434030373
0.142722806388
0.113185470779
0.112616924201
0.0
0.0
0.0
0.0
0.0
0.0
0.0979145771779
0.0986439007921
0.0789413710858
0.085071726297
0.116446839902
0.120521920583
0.125273065729
0.100041756201
0.087496291594
0.0923809059214
0.0
0.0
0.0
0.0
0.0
0.0
0.0
0.0
0.0
0.0
0.130855082537
0.136022954387
0.104350175366
0.107308048406
0.122085450559
0.111169008729
0.141172568319
0.147754464996
0.0
0.0
0.0
0.0
0.0
0.0
0.0
0.0
0.0
0.0
0.0
0.0
0.0658218639231
0.0640722566551
0.0728910773973
0.0860507113623
0.0968482942082
0.0891499650942
0.0874592087482
0.0890809260739
0.103119975428
0.103848275979
0.0961299136919
0.0979013981638
0.0
0.0
0.0
0.0
0.0
0.0
0.0
0.0
0.0459801924274
0.0578572651286
0.0
0.0
0.0
0.0
0.0
0.0
0.0
0.0
0.0
0.0
0.0
0.0
0.0
0.0
0.0
0.0
0.0
0.0
0.102122290925
0.114198591097
0.0
0.0
0.0
0.0
0.0
0.0
0.0
0.0
0.0
0.0
0.0
0.0
0.0
0.0
0.0
0.0
0.0
0.0
0.0
0.0
0.0
0.0
0.0
0.0
0.0
0.0
0.0
0.0
0.0
0.0
0.0
0.0
0.0
0.0
0.0
0.0
0.0
0.0
0.0890287268874
0.0970024942887
0.0581279509118
0.0582411942719
0.0649776101615
0.0661482134911
0.0
0.0
0.0
0.0
0.0
0.0
0.0
0.0
0.0
0.0
0.0
0.0
0.0
0.0
0.0
0.0617519601982
