0.988999749024
0.0
0.0
0.0
0.0
0.0
0.0
0.0
0.0
0.0
0.0
0.0
0.0
0.0
0.0
0.0
0.0
0.0
0.0
0.0
0.0
0.825480832415
0.819377494583
0.794544150637
0.789763668286
0.743589759717
0.73914202801
0.723987467915
0.718180764183
0.699897049829
0.699822461045
0.62606993315
0.604653232465
0.697408804218
0.712857973351
0.0
0.0
0.0
0.0
0.0
0.0
0.654513487443
0.658986983351
0.735259389411
0.730667946074
0.674674936205
0.66572953471
0.645525993694
0.665681702845
0.677680579078
0.687088269328
0.0
0.0
0.0
0.0
0.0
0.0
0.0
0.0
0.0
0.0
0.609932128172
0.588848291147
0.70640357665
0.698311354957
0.714321937726
0.706761403063
0.671541217006
0.660660209905
0.0
0.0
0.0
0.0
0.0
0.0
0.0
0.0
0.0
0.0
0.0
0.0
0.768397481428
0.777771661342
0.680748972385
0.706661891329
0.690962405021
0.698992065167
0.717538343282
0.705345742719
0.717519167313
0.737404960738
0.715620810635
0.711472831722
0.0
0.0
0.0
0.0
0.0
0.0
0.0
0.0
0.814110631115
0.792216733134
0.0
0.0
0.0
0.0
0.0
0.0
0.0
0.0
0.0
0.0
0.0
0.0
0.0
0.0
0.0
0.0
0.0
0.0
0.72050765487
0.71212674923
0.0
0.0
0.0
0.0
0.0
0.0
0.0
0.0
0.0
0.0
0.0
0.0
0.0
0.0
0.0
0.0
0.0
0.0
0.0
0.0
0.0
0.0
0.0
0.0
0.0
0.0
0.0
0.0
0.0
0.0
0.0
0.0
0.0
0.0
0.0
0.0
0.0
0.0
0.777377413774
0.770187568122
0.799431047596
0.794979047333
0.761937595458
0.758580916488
0.0
0.0
0.0
0.0
0.0
0.0
0.0
0.0
0.0
0.0
0.0
0.0
0.0
0.0
0.0
0.83144228635
